X[1000] :

[-1.05599999  2.11299992 -0.278      -0.21699999  0.42399999 -0.37099999
 -0.011      -0.58999997 -0.62099999 -0.64600003 -0.92900002 -0.27599999
  0.76200002 -2.99399996  0.66600001 -0.16599999  0.463       0.76099998
 -0.029       0.359      -0.111      -0.419      -0.60399997 -0.68099999
 -0.42300001  0.597      -4.96700001  0.61000001  0.43000001  0.233
  0.38600001  0.14300001  0.58200002 -0.19400001 -0.29300001 -0.094      -0.454
 -0.021       0.45300001 -5.64300013  0.69199997 -0.063      -0.226       0.465
  0.414       0.33199999  0.233      -0.051       0.113       0.063       0.403
  0.36199999 -6.28299999  0.50700003 -1.06700003 -0.64600003  0.31900001
  0.322       0.62699997  0.36899999 -0.266      -0.063       0.36700001
 -0.103       0.42399999 -7.30200005  0.43399999 -0.53600001 -0.69599998
  0.66100001  0.33700001  0.579      -0.133       0.29499999  0.54100001
  0.30599999  0.285       0.58399999 -8.59500027  0.148      -0.81
 -1.43700004  0.72399998  0.029       0.375      -0.236      -0.162
  0.59100002  0.67000002  0.38100001  0.66399997 -7.62599993  0.63499999
 -0.83099997 -1.53299999  0.75599998 -0.493       0.191      -0.373
 -0.34599999  0.505       0.28400001  0.228       0.66900003 -7.84100008
  1.324      -0.60000002 -0.90499997  1.06200004 -0.685       0.602
 -0.12800001  0.73500001  0.745       0.50599998  0.289       0.58399999
 -4.14300013  3.57200003  0.829      -0.12899999  0.89499998 -0.59100002
 -0.66100001 -1.13699996 -0.37200001 -0.084       0.15099999 -0.30000001
  0.71200001 -2.33500004  4.84000015  1.51499999 -0.27200001 -0.198      -0.106
 -0.56699997 -0.426      -0.493       0.091      -0.37900001 -0.33899999
  0.801      -2.17799997  4.10699987  2.06399989 -0.236      -0.34299999
  0.44       -0.602      -0.55800003 -0.48199999  0.38800001 -0.55599999
 -0.64099997  0.83899999 -2.36100006  4.73199987  2.51099992 -0.108
 -0.78200001  0.51899999 -0.223       0.033      -0.435       0.287
 -0.67199999 -0.36300001  0.81999999 -0.75400001  5.12099981  1.88300002
 -0.079       0.66000003  0.47400001  0.22       -0.171       0.049       0.175
 -0.866      -0.019       0.75400001 -0.352       3.69400001  2.4849999
  1.926       1.25699997  0.55699998  0.124       0.124      -0.22499999
 -0.39500001 -0.16500001 -0.055       0.59100002 -1.39100003  2.35400009
  0.86900002  1.33700001  1.27699995  0.505       0.133      -0.61900002
 -0.18799999  0.15899999  0.133      -0.234       0.373      -2.74699998
  1.70099998  0.83899999  0.92900002  0.477      -0.115       0.37799999
 -0.40799999  0.106       0.66000003  0.197       0.19        0.121
 -2.34100008  1.12300003  0.34400001  0.80199999  0.44800001 -0.26899999
  0.58099997  0.34599999  0.48100001  0.59200001  0.32600001 -0.103       0.1
 -2.34299994  1.13600004 -0.44800001  0.384       0.61400002  0.192
  0.79699999  0.87800002  0.361       0.26100001 -0.13500001 -0.112       0.106
 -2.90700006 -0.26199999 -0.93099999  1.07599998  2.07599998 -0.223
  1.18599999  0.63200003 -0.014       0.55599999 -0.377       0.222
  0.43900001 -5.02699995 -3.38400006 -1.64199996  1.15999997  2.12299991
 -2.02099991 -0.29499999 -0.199      -0.061       0.52399999 -1.04999995
  0.75700003  0.62599999 -2.17700005 -2.87599993 -3.1099999   0.40400001
  1.648      -1.34899998  0.1         0.11        0.021       0.20900001
 -0.24600001  0.70300001  0.67299998 -1.176      -1.45700002 -2.80800009
 -0.092       1.38499999 -0.092      -0.167      -0.61799997  0.189
  1.24600005 -0.27599999  0.421       0.62699997 -2.2809999  -1.81700003
 -2.52999997 -0.215       1.38900006  0.042       0.14       -0.44100001
  0.33700001  1.352       0.23199999  0.18799999  0.56900001  0.22       -0.169
 -1.98399997 -0.62        0.76300001 -0.58499998 -0.1        -0.77899998
 -1.05700004  0.55800003 -0.17200001  0.122       0.76499999  2.17000008
  0.34799999 -2.01600003 -2.43099999  0.54500002 -0.13600001 -1.03499997
 -0.226      -1.65900004 -0.193      -0.38699999 -0.099       0.889
  2.56500006  0.287      -2.61199999 -2.66799998  0.88300002 -0.098
 -1.18400002  0.676      -1.74600005 -0.118      -0.62599999 -0.123
  0.93900001  2.78399992  0.36300001 -3.44300008 -2.45000005  0.47
 -0.69800001 -0.32100001  0.60299999 -2.16499996  0.061      -0.73000002
 -0.25799999  0.94499999  2.58800006  0.28400001 -3.25600004 -2.83400011
  0.049      -0.39399999 -0.57499999  0.667      -2.04099989 -0.303
 -0.59600002 -0.28        0.95300001  2.62100005  0.69999999 -2.54399991
 -3.15300012  0.21799999 -0.51700002 -0.59200001  0.67799997 -2.38700008
  0.046      -0.45500001 -0.366       0.94400001  3.06500006  1.05999994
 -1.87199998 -2.0309999   0.57800001 -0.221      -1.38        0.71899998
 -2.17700005  0.123      -0.36000001 -0.43099999  0.92400002]

Y[1000] :

[ 0.  0.  1.  0.]
