Fichier N1_011101_ORI_AR.test (langue : Arabic)
Arabe     Anglais   Francais  Allemand  
1.00      0.00      0.00      0.00
1.00      0.00      0.00      0.00
0.96      0.04      0.00      0.00
0.31      0.69      0.00      0.00
0.00      0.99      0.00      0.00
0.48      0.52      0.00      0.00
0.01      0.99      0.00      0.00
1.00      0.00      0.00      0.00
1.00      0.00      0.00      0.00
0.44      0.40      0.00      0.16
0.00      0.00      0.00      1.00
0.02      0.98      0.00      0.00
0.00      1.00      0.00      0.00
0.00      0.99      0.00      0.00
0.00      1.00      0.00      0.00
1.00      0.00      0.00      0.00
0.99      0.01      0.00      0.00
0.00      1.00      0.00      0.00
0.00      0.99      0.00      0.00
0.00      1.00      0.00      0.00
1.00      0.00      0.00      0.00
0.24      0.76      0.00      0.00
1.00      0.00      0.00      0.00
1.00      0.00      0.00      0.00
1.00      0.00      0.00      0.00
1.00      0.00      0.00      0.00
1.00      0.00      0.00      0.00
1.00      0.00      0.00      0.00
1.00      0.00      0.00      0.00
0.00      0.00      0.00      1.00
0.01      0.99      0.00      0.00
0.77      0.23      0.00      0.00
0.23      0.76      0.00      0.02
0.99      0.00      0.00      0.00
1.00      0.00      0.00      0.00
0.12      0.87      0.00      0.01
0.36      0.64      0.00      0.00
Fichier N1_011101_ORI_AR.test (langue : Arabic)
Moyenne :
0.54      0.40      0.00      0.06-------------------------------------------------------

Fichier N7_050403_ORI_AR.test (langue : Arabic)
Arabe     Anglais   Francais  Allemand  
1.00      0.00      0.00      0.00
1.00      0.00      0.00      0.00
1.00      0.00      0.00      0.00
1.00      0.00      0.00      0.00
0.01      0.99      0.00      0.00
0.00      0.00      0.00      1.00
1.00      0.00      0.00      0.00
0.00      0.00      0.00      1.00
0.00      0.00      0.00      1.00
1.00      0.00      0.00      0.00
1.00      0.00      0.00      0.00
0.00      0.00      0.00      1.00
Fichier N7_050403_ORI_AR.test (langue : Arabic)
Moyenne :
0.58      0.08      0.00      0.33-------------------------------------------------------

Fichier N7_050403_ORI_AR.test2 (langue : Arabic)
Arabe     Anglais   Francais  Allemand  
1.00      0.00      0.00      0.00
0.00      1.00      0.00      0.00
0.01      0.99      0.00      0.00
0.00      1.00      0.00      0.00
0.00      0.99      0.00      0.00
0.11      0.67      0.19      0.03
0.00      0.00      0.00      1.00
0.00      0.00      0.00      1.00
0.04      0.96      0.00      0.00
0.02      0.98      0.00      0.00
0.22      0.77      0.00      0.01
0.00      0.00      0.00      1.00
0.01      0.00      0.00      0.99
1.00      0.00      0.00      0.00
1.00      0.00      0.00      0.00
1.00      0.00      0.00      0.00
1.00      0.00      0.00      0.00
1.00      0.00      0.00      0.00
1.00      0.00      0.00      0.00
1.00      0.00      0.00      0.00
1.00      0.00      0.00      0.00
1.00      0.00      0.00      0.00
Fichier N7_050403_ORI_AR.test2 (langue : Arabic)
Moyenne :
0.47      0.33      0.01      0.18-------------------------------------------------------

Fichier N1_011101_ORI_AR.test2 (langue : Arabic)
Arabe     Anglais   Francais  Allemand  
1.00      0.00      0.00      0.00
1.00      0.00      0.00      0.00
0.00      0.00      0.00      1.00
0.00      0.00      0.00      1.00
0.00      0.00      0.00      1.00
0.00      0.00      0.00      1.00
0.00      0.00      0.00      1.00
0.00      0.00      0.00      1.00
0.00      0.00      0.00      1.00
0.00      0.00      0.00      1.00
0.00      1.00      0.00      0.00
0.93      0.00      0.00      0.07
0.00      1.00      0.00      0.00
0.00      1.00      0.00      0.00
0.00      1.00      0.00      0.00
0.00      1.00      0.00      0.00
0.06      0.94      0.00      0.00
Fichier N1_011101_ORI_AR.test2 (langue : Arabic)
Moyenne :
0.18      0.35      0.00      0.48-------------------------------------------------------

Fichier sx110 (langue : English)
Arabe     Anglais   Francais  Allemand  
0.00      0.00      0.00      1.00
0.00      0.00      1.00      0.00
0.00      1.00      0.00      0.00
0.00      1.00      0.00      0.00
0.00      1.00      0.00      0.00
0.00      1.00      0.00      0.00
0.00      1.00      0.00      0.00
0.00      1.00      0.00      0.00
0.00      1.00      0.00      0.00
0.00      1.00      0.00      0.00
0.00      1.00      0.00      0.00
0.00      1.00      0.00      0.00
0.00      0.00      0.00      1.00
0.00      0.00      0.00      1.00
0.00      0.00      0.00      1.00
0.00      0.00      0.00      1.00
0.00      1.00      0.00      0.00
0.00      0.00      0.00      1.00
0.00      1.00      0.00      0.00
Fichier sx110 (langue : English)
Moyenne :
0.00      0.63      0.05      0.32-------------------------------------------------------

Fichier sx20 (langue : English)
Arabe     Anglais   Francais  Allemand  
0.00      1.00      0.00      0.00
0.00      1.00      0.00      0.00
0.00      1.00      0.00      0.00
0.00      1.00      0.00      0.00
0.00      1.00      0.00      0.00
0.00      1.00      0.00      0.00
0.00      1.00      0.00      0.00
0.00      1.00      0.00      0.00
0.00      0.00      0.00      1.00
0.00      1.00      0.00      0.00
0.00      0.00      0.94      0.06
0.00      1.00      0.00      0.00
0.00      0.00      0.00      1.00
0.00      1.00      0.00      0.00
0.00      1.00      0.00      0.00
0.00      1.00      0.00      0.00
0.00      1.00      0.00      0.00
0.00      0.00      0.00      1.00
0.00      0.00      0.00      1.00
0.00      1.00      0.00      0.00
0.00      1.00      0.00      0.00
0.00      1.00      0.00      0.00
0.00      1.00      0.00      0.00
0.00      1.00      0.00      0.00
0.00      1.00      0.00      0.00
0.00      1.00      0.00      0.00
Fichier sx20 (langue : English)
Moyenne :
0.00      0.81      0.04      0.16-------------------------------------------------------

Fichier sx385 (langue : English)
Arabe     Anglais   Francais  Allemand  
0.00      0.00      0.00      1.00
0.00      1.00      0.00      0.00
0.00      0.00      0.00      1.00
0.00      0.00      0.00      1.00
0.00      0.00      0.00      1.00
0.00      1.00      0.00      0.00
0.00      0.00      0.00      1.00
0.00      1.00      0.00      0.00
0.00      1.00      0.00      0.00
Fichier sx385 (langue : English)
Moyenne :
0.00      0.44      0.00      0.56-------------------------------------------------------

Fichier sx313 (langue : English)
Arabe     Anglais   Francais  Allemand  
0.00      1.00      0.00      0.00
0.00      1.00      0.00      0.00
0.00      1.00      0.00      0.00
0.00      1.00      0.00      0.00
0.00      0.00      0.00      1.00
0.00      0.00      0.00      1.00
0.00      0.00      0.00      1.00
0.00      0.00      0.00      1.00
0.00      1.00      0.00      0.00
0.00      0.00      0.00      1.00
0.00      1.00      0.00      0.00
0.00      1.00      0.00      0.00
0.00      0.00      0.00      1.00
0.00      1.00      0.00      0.00
0.00      1.00      0.00      0.00
0.00      1.00      0.00      0.00
0.00      1.00      0.00      0.00
0.00      1.00      0.00      0.00
0.00      1.00      0.00      0.00
0.00      1.00      0.00      0.00
0.00      1.00      0.00      0.00
0.00      1.00      0.00      0.00
0.00      1.00      0.00      0.00
0.00      0.24      0.00      0.76
0.00      1.00      0.00      0.00
0.00      1.00      0.00      0.00
Fichier sx313 (langue : English)
Moyenne :
0.00      0.74      0.00      0.26-------------------------------------------------------

Fichier sx133 (langue : English)
Arabe     Anglais   Francais  Allemand  
0.00      1.00      0.00      0.00
0.00      1.00      0.00      0.00
0.00      1.00      0.00      0.00
0.00      0.00      0.00      1.00
0.00      0.00      0.00      1.00
0.00      0.00      0.00      1.00
0.00      0.00      0.00      1.00
0.00      0.00      0.00      1.00
0.00      1.00      0.00      0.00
0.00      1.00      0.00      0.00
0.00      1.00      0.00      0.00
0.00      1.00      0.00      0.00
0.00      1.00      0.00      0.00
0.00      1.00      0.00      0.00
0.00      1.00      0.00      0.00
0.00      1.00      0.00      0.00
0.00      1.00      0.00      0.00
0.00      1.00      0.00      0.00
0.00      1.00      0.00      0.00
0.00      1.00      0.00      0.00
0.00      1.00      0.00      0.00
0.00      1.00      0.00      0.00
0.00      1.00      0.00      0.00
Fichier sx133 (langue : English)
Moyenne :
0.00      0.78      0.00      0.22-------------------------------------------------------

Fichier sx409 (langue : English)
Arabe     Anglais   Francais  Allemand  
0.00      0.00      0.00      1.00
0.00      0.00      0.00      1.00
0.00      0.00      0.00      1.00
0.00      1.00      0.00      0.00
0.00      0.00      0.00      1.00
0.00      0.00      0.00      1.00
0.00      0.00      0.00      1.00
0.00      1.00      0.00      0.00
0.00      0.00      0.00      1.00
0.00      0.00      0.00      1.00
0.00      0.00      0.00      1.00
0.00      0.00      0.00      1.00
0.00      0.00      0.00      1.00
0.00      0.00      0.00      1.00
0.00      0.00      0.00      1.00
0.00      1.00      0.00      0.00
0.00      0.00      0.00      1.00
0.00      0.00      0.00      1.00
0.00      0.00      0.00      1.00
Fichier sx409 (langue : English)
Moyenne :
0.00      0.16      0.00      0.84-------------------------------------------------------

Fichier sx293 (langue : English)
Arabe     Anglais   Francais  Allemand  
0.00      0.00      1.00      0.00
0.00      0.00      0.00      1.00
0.00      0.00      1.00      0.00
0.00      0.00      1.00      0.00
0.00      0.00      1.00      0.00
0.00      0.00      0.00      1.00
0.00      0.00      1.00      0.00
0.00      0.00      0.00      1.00
0.00      0.00      0.00      1.00
0.00      1.00      0.00      0.00
0.00      0.00      0.00      1.00
0.00      1.00      0.00      0.00
0.00      1.00      0.00      0.00
0.00      1.00      0.00      0.00
0.00      1.00      0.00      0.00
0.00      1.00      0.00      0.00
0.00      1.00      0.00      0.00
0.00      1.00      0.00      0.00
0.00      1.00      0.00      0.00
0.00      1.00      0.00      0.00
0.00      0.00      0.00      1.00
0.00      0.00      0.00      1.00
0.00      0.00      0.00      1.00
0.00      0.00      0.00      1.00
0.00      0.00      0.00      1.00
0.00      0.00      0.00      1.00
Fichier sx293 (langue : English)
Moyenne :
0.00      0.38      0.19      0.42-------------------------------------------------------

Fichier sx380 (langue : English)
Arabe     Anglais   Francais  Allemand  
0.00      1.00      0.00      0.00
0.00      1.00      0.00      0.00
0.00      1.00      0.00      0.00
0.00      1.00      0.00      0.00
0.00      1.00      0.00      0.00
0.00      0.00      0.00      1.00
0.00      0.00      0.00      1.00
0.00      0.00      0.00      1.00
0.00      0.00      1.00      0.00
0.00      1.00      0.00      0.00
0.00      1.00      0.00      0.00
0.00      1.00      0.00      0.00
0.00      1.00      0.00      0.00
0.00      1.00      0.00      0.00
0.00      1.00      0.00      0.00
0.00      1.00      0.00      0.00
0.00      1.00      0.00      0.00
0.00      1.00      0.00      0.00
0.00      1.00      0.00      0.00
0.00      1.00      0.00      0.00
0.00      1.00      0.00      0.00
0.00      1.00      0.00      0.00
0.00      1.00      0.00      0.00
0.00      1.00      0.00      0.00
0.00      1.00      0.00      0.00
0.00      1.00      0.00      0.00
0.00      1.00      0.00      0.00
0.00      1.00      0.00      0.00
0.00      1.00      0.00      0.00
0.00      1.00      0.00      0.00
0.00      1.00      0.00      0.00
Fichier sx380 (langue : English)
Moyenne :
0.00      0.87      0.03      0.10-------------------------------------------------------

Fichier sx139 (langue : English)
Arabe     Anglais   Francais  Allemand  
0.00      1.00      0.00      0.00
0.01      0.92      0.00      0.07
0.00      1.00      0.00      0.00
0.00      1.00      0.00      0.00
0.00      0.00      0.00      1.00
0.00      0.00      0.00      1.00
0.00      0.00      0.00      1.00
0.00      0.00      1.00      0.00
0.00      0.00      1.00      0.00
0.00      0.00      0.00      1.00
0.00      1.00      0.00      0.00
0.00      0.00      0.00      1.00
0.00      0.00      0.00      1.00
0.00      0.00      0.00      1.00
Fichier sx139 (langue : English)
Moyenne :
0.00      0.35      0.14      0.51-------------------------------------------------------

Fichier sx9 (langue : English)
Arabe     Anglais   Francais  Allemand  
0.00      1.00      0.00      0.00
0.00      1.00      0.00      0.00
0.00      0.99      0.01      0.00
0.00      1.00      0.00      0.00
0.00      1.00      0.00      0.00
0.00      1.00      0.00      0.00
0.00      1.00      0.00      0.00
0.00      1.00      0.00      0.00
0.00      1.00      0.00      0.00
0.00      1.00      0.00      0.00
Fichier sx9 (langue : English)
Moyenne :
0.00      1.00      0.00      0.00-------------------------------------------------------

Fichier sx295 (langue : English)
Arabe     Anglais   Francais  Allemand  
0.00      1.00      0.00      0.00
0.00      1.00      0.00      0.00
0.00      1.00      0.00      0.00
0.00      1.00      0.00      0.00
0.00      1.00      0.00      0.00
0.00      1.00      0.00      0.00
0.00      1.00      0.00      0.00
0.00      1.00      0.00      0.00
0.00      1.00      0.00      0.00
0.00      1.00      0.00      0.00
0.00      1.00      0.00      0.00
0.00      1.00      0.00      0.00
0.00      1.00      0.00      0.00
0.00      1.00      0.00      0.00
0.00      1.00      0.00      0.00
0.00      1.00      0.00      0.00
0.00      1.00      0.00      0.00
0.00      1.00      0.00      0.00
0.00      1.00      0.00      0.00
0.00      1.00      0.00      0.00
0.00      1.00      0.00      0.00
0.00      1.00      0.00      0.00
Fichier sx295 (langue : English)
Moyenne :
0.00      1.00      0.00      0.00-------------------------------------------------------

Fichier sx229 (langue : English)
Arabe     Anglais   Francais  Allemand  
0.00      0.00      0.00      1.00
0.00      0.00      0.00      1.00
0.00      0.00      0.00      1.00
Fichier sx229 (langue : English)
Moyenne :
0.00      0.00      0.00      1.00-------------------------------------------------------

Fichier sx290 (langue : English)
Arabe     Anglais   Francais  Allemand  
0.00      1.00      0.00      0.00
0.00      1.00      0.00      0.00
0.00      1.00      0.00      0.00
0.00      0.00      0.00      1.00
0.00      0.00      0.00      1.00
0.00      0.00      0.00      1.00
0.00      0.00      0.00      1.00
0.00      0.00      0.00      1.00
0.00      0.00      0.00      1.00
0.00      0.00      0.00      1.00
0.00      0.00      0.00      1.00
0.00      0.00      0.00      1.00
0.00      0.00      0.00      1.00
0.00      0.00      0.00      1.00
0.00      0.00      0.00      1.00
0.00      0.00      0.00      1.00
0.00      0.00      0.00      1.00
0.00      0.00      0.00      1.00
0.00      0.00      0.00      1.00
0.00      0.00      0.00      1.00
0.00      0.00      0.00      1.00
0.00      0.00      0.00      1.00
0.00      0.00      0.00      1.00
0.00      0.00      1.00      0.00
0.00      1.00      0.00      0.00
0.00      1.00      0.00      0.00
Fichier sx290 (langue : English)
Moyenne :
0.00      0.19      0.04      0.77-------------------------------------------------------

Fichier sx394 (langue : English)
Arabe     Anglais   Francais  Allemand  
0.00      0.00      0.00      1.00
0.00      1.00      0.00      0.00
0.00      0.00      0.00      1.00
0.00      0.00      0.00      1.00
0.00      1.00      0.00      0.00
0.00      1.00      0.00      0.00
0.00      1.00      0.00      0.00
0.00      1.00      0.00      0.00
0.00      1.00      0.00      0.00
0.00      1.00      0.00      0.00
0.00      0.00      0.00      1.00
0.00      1.00      0.00      0.00
0.00      1.00      0.00      0.00
0.00      1.00      0.00      0.00
0.00      1.00      0.00      0.00
0.00      1.00      0.00      0.00
0.00      0.00      0.00      1.00
0.00      0.00      1.00      0.00
0.00      0.00      1.00      0.00
0.00      0.00      1.00      0.00
0.00      1.00      0.00      0.00
0.00      0.00      0.00      1.00
0.00      1.00      0.00      0.00
0.00      1.00      0.00      0.00
0.00      1.00      0.00      0.00
0.00      1.00      0.00      0.00
0.00      1.00      0.00      0.00
0.00      1.00      0.00      0.00
0.00      1.00      0.00      0.00
Fichier sx394 (langue : English)
Moyenne :
0.00      0.69      0.10      0.21-------------------------------------------------------

Fichier sx304 (langue : English)
Arabe     Anglais   Francais  Allemand  
0.00      1.00      0.00      0.00
0.00      0.00      1.00      0.00
0.00      1.00      0.00      0.00
0.00      1.00      0.00      0.00
0.00      1.00      0.00      0.00
0.00      1.00      0.00      0.00
0.00      1.00      0.00      0.00
0.00      1.00      0.00      0.00
0.00      1.00      0.00      0.00
0.00      1.00      0.00      0.00
0.00      1.00      0.00      0.00
0.00      1.00      0.00      0.00
0.00      1.00      0.00      0.00
0.00      1.00      0.00      0.00
0.00      1.00      0.00      0.00
0.00      1.00      0.00      0.00
0.00      0.00      0.00      1.00
0.00      1.00      0.00      0.00
0.00      1.00      0.00      0.00
0.00      1.00      0.00      0.00
0.00      1.00      0.00      0.00
0.00      1.00      0.00      0.00
0.00      1.00      0.00      0.00
0.00      0.00      0.00      1.00
0.00      1.00      0.00      0.00
0.00      1.00      0.00      0.00
0.00      1.00      0.00      0.00
0.00      1.00      0.00      0.00
0.00      1.00      0.00      0.00
0.00      1.00      0.00      0.00
0.00      1.00      0.00      0.00
0.00      1.00      0.00      0.00
Fichier sx304 (langue : English)
Moyenne :
0.00      0.91      0.03      0.06-------------------------------------------------------

Fichier sx203 (langue : English)
Arabe     Anglais   Francais  Allemand  
0.00      1.00      0.00      0.00
0.00      1.00      0.00      0.00
0.00      1.00      0.00      0.00
0.00      0.00      1.00      0.00
0.00      0.00      1.00      0.00
0.00      1.00      0.00      0.00
0.00      1.00      0.00      0.00
0.00      0.00      0.00      1.00
0.00      0.00      0.00      1.00
0.00      1.00      0.00      0.00
0.00      1.00      0.00      0.00
0.00      1.00      0.00      0.00
0.00      1.00      0.00      0.00
0.00      1.00      0.00      0.00
0.00      1.00      0.00      0.00
0.00      1.00      0.00      0.00
0.00      1.00      0.00      0.00
0.00      0.00      0.00      1.00
0.00      1.00      0.00      0.00
0.00      1.00      0.00      0.00
0.00      1.00      0.00      0.00
0.00      1.00      0.00      0.00
Fichier sx203 (langue : English)
Moyenne :
0.00      0.77      0.09      0.14-------------------------------------------------------

Fichier sx126 (langue : English)
Arabe     Anglais   Francais  Allemand  
0.00      0.00      0.00      1.00
0.00      0.00      0.00      1.00
0.00      0.98      0.02      0.00
0.00      0.00      0.00      1.00
0.00      0.00      0.00      1.00
0.00      0.00      0.00      1.00
0.00      0.00      0.00      1.00
0.00      0.00      0.00      1.00
0.00      0.00      0.00      1.00
0.00      0.99      0.00      0.01
0.00      0.00      0.00      1.00
0.00      0.00      0.00      1.00
0.00      0.00      0.00      1.00
0.00      1.00      0.00      0.00
0.00      1.00      0.00      0.00
0.00      1.00      0.00      0.00
0.00      1.00      0.00      0.00
0.00      1.00      0.00      0.00
0.00      1.00      0.00      0.00
Fichier sx126 (langue : English)
Moyenne :
0.00      0.42      0.00      0.58-------------------------------------------------------

Fichier sx279 (langue : English)
Arabe     Anglais   Francais  Allemand  
0.00      0.00      0.00      1.00
0.00      0.00      0.00      1.00
0.00      1.00      0.00      0.00
0.00      0.00      0.00      1.00
0.00      1.00      0.00      0.00
0.00      1.00      0.00      0.00
0.00      1.00      0.00      0.00
0.00      0.00      0.00      1.00
0.00      0.00      0.00      1.00
0.00      0.00      0.00      1.00
0.00      0.00      0.00      1.00
0.00      1.00      0.00      0.00
0.00      1.00      0.00      0.00
0.00      0.00      0.00      1.00
0.00      0.00      0.00      1.00
0.00      0.00      0.00      1.00
0.00      1.00      0.00      0.00
0.00      1.00      0.00      0.00
0.00      1.00      0.00      0.00
0.00      1.00      0.00      0.00
Fichier sx279 (langue : English)
Moyenne :
0.00      0.50      0.00      0.50-------------------------------------------------------

Fichier sx34 (langue : English)
Arabe     Anglais   Francais  Allemand  
0.00      1.00      0.00      0.00
0.00      0.00      0.00      1.00
0.00      1.00      0.00      0.00
0.00      1.00      0.00      0.00
0.00      0.00      0.00      1.00
0.00      0.00      0.00      1.00
0.00      1.00      0.00      0.00
0.00      1.00      0.00      0.00
0.00      1.00      0.00      0.00
0.00      1.00      0.00      0.00
0.00      1.00      0.00      0.00
0.00      1.00      0.00      0.00
0.00      1.00      0.00      0.00
0.00      1.00      0.00      0.00
0.00      1.00      0.00      0.00
0.00      1.00      0.00      0.00
0.00      1.00      0.00      0.00
0.00      1.00      0.00      0.00
0.00      1.00      0.00      0.00
0.00      1.00      0.00      0.00
0.00      1.00      0.00      0.00
0.00      1.00      0.00      0.00
0.00      1.00      0.00      0.00
0.00      1.00      0.00      0.00
0.00      1.00      0.00      0.00
0.00      1.00      0.00      0.00
0.00      1.00      0.00      0.00
0.00      1.00      0.00      0.00
0.00      1.00      0.00      0.00
0.00      1.00      0.00      0.00
0.00      1.00      0.00      0.00
Fichier sx34 (langue : English)
Moyenne :
0.00      0.90      0.00      0.10-------------------------------------------------------

Fichier sx184 (langue : English)
Arabe     Anglais   Francais  Allemand  
0.00      1.00      0.00      0.00
0.00      1.00      0.00      0.00
0.00      1.00      0.00      0.00
0.00      1.00      0.00      0.00
0.00      1.00      0.00      0.00
0.00      1.00      0.00      0.00
0.00      1.00      0.00      0.00
0.00      1.00      0.00      0.00
0.00      1.00      0.00      0.00
0.00      1.00      0.00      0.00
0.00      1.00      0.00      0.00
0.00      1.00      0.00      0.00
0.00      1.00      0.00      0.00
0.00      1.00      0.00      0.00
0.00      1.00      0.00      0.00
0.00      1.00      0.00      0.00
0.00      1.00      0.00      0.00
0.00      1.00      0.00      0.00
0.00      1.00      0.00      0.00
Fichier sx184 (langue : English)
Moyenne :
0.00      1.00      0.00      0.00-------------------------------------------------------

Fichier sx364 (langue : English)
Arabe     Anglais   Francais  Allemand  
0.00      0.00      0.00      1.00
0.00      1.00      0.00      0.00
0.00      1.00      0.00      0.00
0.00      1.00      0.00      0.00
0.00      1.00      0.00      0.00
0.00      1.00      0.00      0.00
0.00      1.00      0.00      0.00
0.00      1.00      0.00      0.00
0.00      1.00      0.00      0.00
0.00      1.00      0.00      0.00
0.00      1.00      0.00      0.00
0.00      1.00      0.00      0.00
0.00      1.00      0.00      0.00
0.00      0.00      0.00      1.00
0.00      0.00      0.00      1.00
0.00      0.00      0.00      1.00
0.00      1.00      0.00      0.00
0.00      0.00      0.00      1.00
0.00      0.00      0.00      1.00
0.00      0.00      0.00      1.00
0.00      0.00      0.00      1.00
0.00      0.00      0.00      1.00
0.00      0.00      0.00      1.00
0.00      0.00      0.00      1.00
0.00      0.00      0.00      1.00
0.00      0.00      0.00      1.00
0.00      0.00      0.00      1.00
0.00      0.00      0.00      1.00
0.00      0.00      0.00      1.00
0.00      0.00      0.00      1.00
0.00      0.00      0.00      1.00
0.00      1.00      0.00      0.00
0.00      1.00      0.00      0.00
0.00      1.00      0.00      0.00
0.00      1.00      0.00      0.00
0.00      1.00      0.00      0.00
0.00      1.00      0.00      0.00
0.00      1.00      0.00      0.00
0.00      1.00      0.00      0.00
0.00      1.00      0.00      0.00
0.00      1.00      0.00      0.00
0.00      1.00      0.00      0.00
0.00      1.00      0.00      0.00
0.00      1.00      0.00      0.00
0.00      0.00      0.00      1.00
0.00      1.00      0.00      0.00
0.00      1.00      0.00      0.00
0.00      1.00      0.00      0.00
Fichier sx364 (langue : English)
Moyenne :
0.00      0.60      0.00      0.40-------------------------------------------------------

Fichier sx319 (langue : English)
Arabe     Anglais   Francais  Allemand  
0.00      0.00      0.00      1.00
0.00      1.00      0.00      0.00
0.00      0.00      0.00      1.00
0.00      0.00      0.00      1.00
0.00      0.00      0.00      1.00
0.00      0.00      0.00      1.00
0.00      0.00      0.00      1.00
0.00      0.00      0.00      1.00
0.00      0.00      0.00      1.00
0.00      0.00      0.00      1.00
0.00      0.00      0.00      1.00
0.00      0.00      0.00      1.00
0.00      0.00      0.00      1.00
0.00      0.00      0.00      1.00
0.00      0.00      0.00      1.00
Fichier sx319 (langue : English)
Moyenne :
0.00      0.07      0.00      0.93-------------------------------------------------------

Fichier sx115 (langue : English)
Arabe     Anglais   Francais  Allemand  
0.00      1.00      0.00      0.00
0.00      1.00      0.00      0.00
0.00      0.00      1.00      0.00
0.00      1.00      0.00      0.00
0.00      0.93      0.00      0.07
0.00      1.00      0.00      0.00
0.00      0.00      0.00      1.00
0.00      1.00      0.00      0.00
0.00      1.00      0.00      0.00
0.00      1.00      0.00      0.00
0.00      0.00      0.00      1.00
0.00      1.00      0.00      0.00
0.00      1.00      0.00      0.00
0.00      1.00      0.00      0.00
0.00      0.00      0.00      1.00
Fichier sx115 (langue : English)
Moyenne :
0.00      0.73      0.07      0.20-------------------------------------------------------

Fichier sx194 (langue : English)
Arabe     Anglais   Francais  Allemand  
0.00      1.00      0.00      0.00
0.00      1.00      0.00      0.00
0.00      0.82      0.00      0.18
0.00      0.00      0.00      1.00
0.00      0.00      0.00      1.00
0.00      0.00      0.00      1.00
0.00      1.00      0.00      0.00
Fichier sx194 (langue : English)
Moyenne :
0.00      0.55      0.00      0.45-------------------------------------------------------

Fichier sx43 (langue : English)
Arabe     Anglais   Francais  Allemand  
0.00      0.00      0.00      1.00
0.00      0.00      0.00      1.00
0.00      1.00      0.00      0.00
0.00      1.00      0.00      0.00
0.00      1.00      0.00      0.00
0.00      1.00      0.00      0.00
0.00      1.00      0.00      0.00
0.00      0.00      0.00      1.00
0.00      1.00      0.00      0.00
0.00      1.00      0.00      0.00
0.00      1.00      0.00      0.00
0.00      1.00      0.00      0.00
0.00      1.00      0.00      0.00
0.00      1.00      0.00      0.00
0.00      1.00      0.00      0.00
Fichier sx43 (langue : English)
Moyenne :
0.00      0.80      0.00      0.20-------------------------------------------------------

Fichier sx214 (langue : English)
Arabe     Anglais   Francais  Allemand  
0.00      1.00      0.00      0.00
0.00      1.00      0.00      0.00
0.00      1.00      0.00      0.00
0.00      1.00      0.00      0.00
0.00      1.00      0.00      0.00
0.00      1.00      0.00      0.00
0.00      1.00      0.00      0.00
0.00      0.00      0.00      1.00
0.00      1.00      0.00      0.00
0.00      1.00      0.00      0.00
0.00      1.00      0.00      0.00
0.00      1.00      0.00      0.00
0.00      1.00      0.00      0.00
0.00      1.00      0.00      0.00
0.00      1.00      0.00      0.00
0.00      0.00      0.00      1.00
0.00      0.00      0.00      1.00
0.00      0.00      0.00      1.00
0.00      1.00      0.00      0.00
0.00      0.00      0.00      1.00
0.00      0.00      0.00      1.00
0.00      1.00      0.00      0.00
0.00      1.00      0.00      0.00
0.00      1.00      0.00      0.00
0.00      1.00      0.00      0.00
0.00      0.00      1.00      0.00
0.00      0.00      1.00      0.00
0.00      0.00      1.00      0.00
0.00      1.00      0.00      0.00
0.00      0.00      1.00      0.00
0.00      0.00      1.00      0.00
0.00      0.00      1.00      0.00
0.00      1.00      0.00      0.00
0.00      1.00      0.00      0.00
0.00      1.00      0.00      0.00
Fichier sx214 (langue : English)
Moyenne :
0.00      0.66      0.17      0.17-------------------------------------------------------

Fichier sx94 (langue : English)
Arabe     Anglais   Francais  Allemand  
0.00      0.00      0.00      1.00
0.00      0.00      0.00      1.00
0.00      0.00      0.00      1.00
0.00      0.00      0.00      1.00
0.00      0.00      0.00      1.00
0.00      1.00      0.00      0.00
0.00      1.00      0.00      0.00
0.00      1.00      0.00      0.00
0.00      1.00      0.00      0.00
0.00      1.00      0.00      0.00
0.00      1.00      0.00      0.00
0.00      1.00      0.00      0.00
0.00      1.00      0.00      0.00
0.00      1.00      0.00      0.00
0.00      0.00      0.00      1.00
0.00      1.00      0.00      0.00
0.00      1.00      0.00      0.00
0.00      1.00      0.00      0.00
0.00      1.00      0.00      0.00
0.00      1.00      0.00      0.00
0.00      1.00      0.00      0.00
0.00      1.00      0.00      0.00
Fichier sx94 (langue : English)
Moyenne :
0.00      0.73      0.00      0.27-------------------------------------------------------

Fichier sx14 (langue : English)
Arabe     Anglais   Francais  Allemand  
0.00      1.00      0.00      0.00
0.00      1.00      0.00      0.00
0.00      0.00      0.00      1.00
0.00      1.00      0.00      0.00
0.00      1.00      0.00      0.00
0.00      1.00      0.00      0.00
0.00      1.00      0.00      0.00
0.00      1.00      0.00      0.00
0.00      1.00      0.00      0.00
0.00      1.00      0.00      0.00
0.00      1.00      0.00      0.00
0.00      1.00      0.00      0.00
0.00      0.00      0.00      1.00
0.00      0.00      0.00      1.00
0.00      0.00      0.00      1.00
0.00      0.00      0.00      1.00
0.00      1.00      0.00      0.00
Fichier sx14 (langue : English)
Moyenne :
0.00      0.71      0.00      0.29-------------------------------------------------------

Fichier sx396 (langue : English)
Arabe     Anglais   Francais  Allemand  
0.00      0.00      0.00      1.00
0.00      0.00      0.00      1.00
0.00      1.00      0.00      0.00
0.00      1.00      0.00      0.00
0.00      1.00      0.00      0.00
0.00      1.00      0.00      0.00
0.00      1.00      0.00      0.00
0.00      1.00      0.00      0.00
0.00      0.00      0.00      1.00
0.00      0.00      0.00      1.00
0.00      0.00      0.00      1.00
0.00      0.00      0.00      1.00
0.00      1.00      0.00      0.00
0.00      1.00      0.00      0.00
0.00      1.00      0.00      0.00
0.00      1.00      0.00      0.00
0.00      1.00      0.00      0.00
0.00      1.00      0.00      0.00
0.00      0.00      0.00      1.00
0.00      1.00      0.00      0.00
0.00      1.00      0.00      0.00
0.00      1.00      0.00      0.00
0.00      1.00      0.00      0.00
0.00      0.00      0.00      1.00
0.00      0.00      0.00      1.00
0.00      0.00      0.00      1.00
0.00      1.00      0.00      0.00
0.00      1.00      0.00      0.00
Fichier sx396 (langue : English)
Moyenne :
0.00      0.64      0.00      0.36-------------------------------------------------------

Fichier sx113 (langue : English)
Arabe     Anglais   Francais  Allemand  
0.00      0.00      0.00      1.00
0.00      1.00      0.00      0.00
0.00      0.00      0.02      0.98
0.00      0.00      0.00      1.00
0.00      0.00      1.00      0.00
0.00      0.00      0.00      1.00
0.00      1.00      0.00      0.00
0.00      1.00      0.00      0.00
0.00      1.00      0.00      0.00
0.00      1.00      0.00      0.00
0.00      1.00      0.00      0.00
0.00      1.00      0.00      0.00
0.00      1.00      0.00      0.00
0.00      1.00      0.00      0.00
0.00      1.00      0.00      0.00
0.00      1.00      0.00      0.00
0.00      0.00      0.00      1.00
0.00      1.00      0.00      0.00
0.00      0.00      0.00      1.00
0.00      1.00      0.00      0.00
0.00      1.00      0.00      0.00
0.00      1.00      0.00      0.00
0.00      1.00      0.00      0.00
0.00      1.00      0.00      0.00
Fichier sx113 (langue : English)
Moyenne :
0.00      0.71      0.04      0.25-------------------------------------------------------

Fichier sx223 (langue : English)
Arabe     Anglais   Francais  Allemand  
0.00      1.00      0.00      0.00
0.00      1.00      0.00      0.00
0.00      0.00      0.00      1.00
0.00      0.00      0.00      1.00
0.00      0.00      0.00      1.00
0.00      0.00      0.00      1.00
0.00      0.00      0.00      1.00
0.00      0.00      0.00      1.00
0.00      0.00      0.00      1.00
0.00      0.00      0.00      1.00
0.00      0.00      0.00      1.00
0.00      1.00      0.00      0.00
0.00      1.00      0.00      0.00
0.00      1.00      0.00      0.00
0.00      1.00      0.00      0.00
0.00      1.00      0.00      0.00
0.00      1.00      0.00      0.00
0.00      1.00      0.00      0.00
0.00      1.00      0.00      0.00
0.00      1.00      0.00      0.00
0.00      1.00      0.00      0.00
Fichier sx223 (langue : English)
Moyenne :
0.00      0.57      0.00      0.43-------------------------------------------------------

Fichier sx189 (langue : English)
Arabe     Anglais   Francais  Allemand  
0.00      1.00      0.00      0.00
0.00      0.04      0.00      0.96
0.00      0.00      0.00      1.00
0.00      1.00      0.00      0.00
0.00      1.00      0.00      0.00
0.00      1.00      0.00      0.00
0.00      1.00      0.00      0.00
0.00      1.00      0.00      0.00
0.00      1.00      0.00      0.00
0.00      1.00      0.00      0.00
0.00      1.00      0.00      0.00
0.00      1.00      0.00      0.00
0.00      1.00      0.00      0.00
Fichier sx189 (langue : English)
Moyenne :
0.00      0.85      0.00      0.15-------------------------------------------------------

Fichier sx200 (langue : English)
Arabe     Anglais   Francais  Allemand  
0.00      0.00      0.00      1.00
0.00      0.00      0.00      1.00
0.00      0.00      0.00      1.00
0.00      0.00      0.00      1.00
0.00      0.00      0.00      1.00
0.00      0.00      0.00      1.00
0.00      0.00      0.00      1.00
0.00      0.00      0.00      1.00
0.00      0.00      0.00      1.00
0.00      1.00      0.00      0.00
0.00      0.00      0.00      1.00
0.00      0.00      0.00      1.00
0.00      0.00      0.00      1.00
0.00      0.00      0.00      1.00
0.00      0.00      0.00      1.00
0.00      1.00      0.00      0.00
Fichier sx200 (langue : English)
Moyenne :
0.00      0.13      0.00      0.87-------------------------------------------------------

Fichier sx36 (langue : English)
Arabe     Anglais   Francais  Allemand  
0.00      0.00      0.00      1.00
0.00      0.00      0.00      1.00
0.00      0.00      0.00      1.00
0.00      0.00      0.00      1.00
0.00      1.00      0.00      0.00
0.00      1.00      0.00      0.00
0.00      0.99      0.01      0.00
0.00      1.00      0.00      0.00
0.00      1.00      0.00      0.00
0.00      0.00      0.00      1.00
0.00      1.00      0.00      0.00
0.00      0.92      0.00      0.08
0.00      0.00      0.00      1.00
0.00      0.00      0.00      1.00
0.00      0.00      0.00      1.00
0.00      0.00      0.00      1.00
0.00      0.00      0.00      1.00
0.00      0.00      0.00      1.00
0.00      0.00      0.00      1.00
0.00      0.00      0.00      1.00
0.00      0.00      0.00      1.00
0.00      0.00      0.00      1.00
0.00      1.00      0.00      0.00
0.00      1.00      0.00      0.00
0.00      1.00      0.00      0.00
Fichier sx36 (langue : English)
Moyenne :
0.00      0.40      0.00      0.60-------------------------------------------------------

Fichier sx104 (langue : English)
Arabe     Anglais   Francais  Allemand  
0.00      1.00      0.00      0.00
0.00      1.00      0.00      0.00
0.00      1.00      0.00      0.00
0.00      0.00      0.00      1.00
0.00      1.00      0.00      0.00
0.00      1.00      0.00      0.00
0.00      1.00      0.00      0.00
Fichier sx104 (langue : English)
Moyenne :
0.00      0.86      0.00      0.14-------------------------------------------------------

Fichier sx25 (langue : English)
Arabe     Anglais   Francais  Allemand  
0.00      1.00      0.00      0.00
0.00      1.00      0.00      0.00
0.00      1.00      0.00      0.00
0.00      1.00      0.00      0.00
0.00      1.00      0.00      0.00
0.00      1.00      0.00      0.00
0.00      1.00      0.00      0.00
0.00      1.00      0.00      0.00
0.00      1.00      0.00      0.00
0.00      1.00      0.00      0.00
0.00      1.00      0.00      0.00
0.00      1.00      0.00      0.00
Fichier sx25 (langue : English)
Moyenne :
0.00      1.00      0.00      0.00-------------------------------------------------------

Fichier sx124 (langue : English)
Arabe     Anglais   Francais  Allemand  
0.00      1.00      0.00      0.00
0.00      0.79      0.00      0.21
0.00      0.00      0.00      1.00
0.00      1.00      0.00      0.00
0.00      1.00      0.00      0.00
0.00      1.00      0.00      0.00
0.00      0.00      0.00      1.00
0.00      1.00      0.00      0.00
0.00      1.00      0.00      0.00
0.00      1.00      0.00      0.00
0.00      1.00      0.00      0.00
0.00      1.00      0.00      0.00
0.00      1.00      0.00      0.00
0.00      1.00      0.00      0.00
0.00      1.00      0.00      0.00
0.00      1.00      0.00      0.00
0.00      0.00      0.00      1.00
0.00      1.00      0.00      0.00
Fichier sx124 (langue : English)
Moyenne :
0.00      0.82      0.00      0.18-------------------------------------------------------

Fichier sx4 (langue : English)
Arabe     Anglais   Francais  Allemand  
0.00      1.00      0.00      0.00
0.00      1.00      0.00      0.00
0.00      1.00      0.00      0.00
0.00      1.00      0.00      0.00
0.00      1.00      0.00      0.00
0.00      1.00      0.00      0.00
0.00      1.00      0.00      0.00
0.00      1.00      0.00      0.00
0.00      1.00      0.00      0.00
0.00      0.00      0.00      1.00
0.00      0.99      0.00      0.01
0.00      1.00      0.00      0.00
0.00      1.00      0.00      0.00
0.00      1.00      0.00      0.00
0.00      1.00      0.00      0.00
0.00      1.00      0.00      0.00
0.00      1.00      0.00      0.00
0.00      1.00      0.00      0.00
0.00      1.00      0.00      0.00
0.00      1.00      0.00      0.00
Fichier sx4 (langue : English)
Moyenne :
0.00      0.95      0.00      0.05-------------------------------------------------------

Fichier sx369 (langue : English)
Arabe     Anglais   Francais  Allemand  
0.00      1.00      0.00      0.00
0.00      1.00      0.00      0.00
0.00      1.00      0.00      0.00
0.00      1.00      0.00      0.00
0.00      1.00      0.00      0.00
0.00      1.00      0.00      0.00
0.00      1.00      0.00      0.00
0.00      0.64      0.00      0.36
0.00      1.00      0.00      0.00
Fichier sx369 (langue : English)
Moyenne :
0.00      0.96      0.00      0.04-------------------------------------------------------

Fichier sx49 (langue : English)
Arabe     Anglais   Francais  Allemand  
0.00      0.00      0.00      1.00
0.00      0.00      0.00      1.00
0.00      0.00      0.00      1.00
0.00      0.00      0.00      1.00
0.00      0.00      0.00      1.00
0.00      0.00      0.00      1.00
0.00      0.00      0.00      1.00
0.00      0.00      0.00      1.00
0.00      0.00      0.00      1.00
0.00      0.00      0.00      1.00
0.00      0.00      0.00      1.00
0.00      0.00      0.00      1.00
Fichier sx49 (langue : English)
Moyenne :
0.00      0.00      0.00      1.00-------------------------------------------------------

Fichier sx274 (langue : English)
Arabe     Anglais   Francais  Allemand  
0.00      1.00      0.00      0.00
0.00      0.00      0.00      1.00
0.00      0.00      0.00      1.00
0.00      0.00      0.00      1.00
0.00      0.00      0.00      1.00
0.00      0.00      0.00      1.00
0.00      0.00      0.00      1.00
0.00      0.00      0.00      1.00
0.00      1.00      0.00      0.00
0.00      1.00      0.00      0.00
0.00      1.00      0.00      0.00
0.00      1.00      0.00      0.00
0.00      1.00      0.00      0.00
0.00      1.00      0.00      0.00
0.00      1.00      0.00      0.00
0.00      1.00      0.00      0.00
0.00      1.00      0.00      0.00
0.00      1.00      0.00      0.00
0.00      1.00      0.00      0.00
0.00      1.00      0.00      0.00
0.00      1.00      0.00      0.00
0.00      1.00      0.00      0.00
0.00      1.00      0.00      0.00
0.00      1.00      0.00      0.00
0.00      1.00      0.00      0.00
0.00      1.00      0.00      0.00
0.00      1.00      0.00      0.00
0.00      1.00      0.00      0.00
0.00      1.00      0.00      0.00
Fichier sx274 (langue : English)
Moyenne :
0.00      0.76      0.00      0.24-------------------------------------------------------

Fichier sx306 (langue : English)
Arabe     Anglais   Francais  Allemand  
0.00      0.00      0.00      1.00
0.00      0.00      0.00      1.00
0.00      0.00      0.00      1.00
0.00      0.00      0.00      1.00
0.00      0.00      0.00      1.00
0.00      1.00      0.00      0.00
0.00      0.00      0.00      1.00
0.00      0.00      0.00      1.00
0.00      1.00      0.00      0.00
0.00      0.00      0.00      1.00
0.00      1.00      0.00      0.00
0.00      0.01      0.00      0.99
0.00      0.00      0.00      1.00
0.00      1.00      0.00      0.00
0.00      1.00      0.00      0.00
Fichier sx306 (langue : English)
Moyenne :
0.00      0.33      0.00      0.67-------------------------------------------------------

Fichier sx284 (langue : English)
Arabe     Anglais   Francais  Allemand  
0.00      1.00      0.00      0.00
0.00      1.00      0.00      0.00
0.00      0.89      0.11      0.00
0.00      1.00      0.00      0.00
0.00      1.00      0.00      0.00
0.00      0.06      0.00      0.94
0.00      1.00      0.00      0.00
0.00      1.00      0.00      0.00
0.00      1.00      0.00      0.00
0.00      0.00      0.00      1.00
0.00      0.00      0.00      1.00
0.00      0.00      0.00      1.00
0.00      0.00      0.00      1.00
0.00      0.00      0.00      1.00
0.00      0.00      0.00      1.00
0.00      0.00      1.00      0.00
0.00      0.00      0.00      1.00
0.00      0.00      0.00      1.00
0.00      0.00      0.00      1.00
0.00      0.00      0.00      1.00
0.00      0.00      0.00      1.00
0.00      1.00      0.00      0.00
0.00      1.00      0.00      0.00
0.00      1.00      0.00      0.00
Fichier sx284 (langue : English)
Moyenne :
0.00      0.46      0.05      0.50-------------------------------------------------------

Fichier sx23 (langue : English)
Arabe     Anglais   Francais  Allemand  
0.00      1.00      0.00      0.00
0.00      0.00      1.00      0.00
0.00      1.00      0.00      0.00
0.00      1.00      0.00      0.00
0.00      1.00      0.00      0.00
0.00      1.00      0.00      0.00
0.00      1.00      0.00      0.00
0.00      1.00      0.00      0.00
0.00      1.00      0.00      0.00
0.00      1.00      0.00      0.00
0.00      1.00      0.00      0.00
0.00      1.00      0.00      0.00
0.00      1.00      0.00      0.00
0.00      1.00      0.00      0.00
0.00      1.00      0.00      0.00
0.00      1.00      0.00      0.00
0.00      1.00      0.00      0.00
0.00      0.00      0.00      1.00
0.00      1.00      0.00      0.00
0.00      1.00      0.00      0.00
0.00      1.00      0.00      0.00
0.00      1.00      0.00      0.00
Fichier sx23 (langue : English)
Moyenne :
0.00      0.91      0.05      0.05-------------------------------------------------------

Fichier sx99 (langue : English)
Arabe     Anglais   Francais  Allemand  
0.00      1.00      0.00      0.00
0.00      1.00      0.00      0.00
0.00      1.00      0.00      0.00
0.00      1.00      0.00      0.00
0.00      1.00      0.00      0.00
0.00      1.00      0.00      0.00
0.00      1.00      0.00      0.00
0.00      1.00      0.00      0.00
0.00      0.01      0.96      0.03
0.00      1.00      0.00      0.00
0.00      1.00      0.00      0.00
0.00      1.00      0.00      0.00
0.00      0.00      0.00      1.00
0.00      1.00      0.00      0.00
0.00      1.00      0.00      0.00
Fichier sx99 (langue : English)
Moyenne :
0.00      0.87      0.06      0.07-------------------------------------------------------

Fichier sx205 (langue : English)
Arabe     Anglais   Francais  Allemand  
0.00      1.00      0.00      0.00
0.00      1.00      0.00      0.00
0.00      1.00      0.00      0.00
0.00      1.00      0.00      0.00
0.00      1.00      0.00      0.00
0.00      1.00      0.00      0.00
0.00      1.00      0.00      0.00
0.00      1.00      0.00      0.00
0.00      1.00      0.00      0.00
0.00      0.00      0.00      1.00
0.00      1.00      0.00      0.00
0.00      0.00      0.00      1.00
0.00      0.00      0.00      1.00
0.00      0.00      0.00      1.00
0.00      1.00      0.00      0.00
0.00      0.00      1.00      0.00
0.00      1.00      0.00      0.00
0.00      1.00      0.00      0.00
0.00      1.00      0.00      0.00
0.00      1.00      0.00      0.00
0.00      1.00      0.00      0.00
Fichier sx205 (langue : English)
Moyenne :
0.00      0.76      0.05      0.19-------------------------------------------------------

Fichier sx403 (langue : English)
Arabe     Anglais   Francais  Allemand  
0.00      1.00      0.00      0.00
0.00      1.00      0.00      0.00
0.00      0.00      0.00      1.00
0.00      0.00      0.00      1.00
0.00      0.00      0.00      1.00
0.00      0.00      0.00      1.00
0.00      0.00      0.00      1.00
0.00      0.00      0.00      1.00
0.00      0.00      0.00      1.00
0.00      0.00      0.00      1.00
0.00      0.00      0.00      1.00
0.00      0.00      0.00      1.00
0.00      0.00      0.00      1.00
0.00      0.00      0.00      1.00
0.00      0.00      0.00      1.00
0.00      0.00      0.00      1.00
0.00      0.00      0.00      1.00
0.00      0.00      0.00      1.00
0.00      0.00      0.00      1.00
0.00      0.00      0.00      1.00
0.00      1.00      0.00      0.00
0.00      1.00      0.00      0.00
0.00      1.00      0.00      0.00
0.00      1.00      0.00      0.00
Fichier sx403 (langue : English)
Moyenne :
0.00      0.25      0.00      0.75-------------------------------------------------------

Fichier sx383 (langue : English)
Arabe     Anglais   Francais  Allemand  
0.00      1.00      0.00      0.00
0.00      1.00      0.00      0.00
0.00      1.00      0.00      0.00
0.00      1.00      0.00      0.00
0.00      1.00      0.00      0.00
0.00      1.00      0.00      0.00
0.00      1.00      0.00      0.00
0.00      1.00      0.00      0.00
0.00      1.00      0.00      0.00
0.00      1.00      0.00      0.00
0.00      1.00      0.00      0.00
0.00      1.00      0.00      0.00
0.00      1.00      0.00      0.00
0.00      1.00      0.00      0.00
0.00      1.00      0.00      0.00
0.00      0.00      0.00      1.00
0.00      1.00      0.00      0.00
0.00      1.00      0.00      0.00
0.00      1.00      0.00      0.00
0.00      0.00      1.00      0.00
0.00      1.00      0.00      0.00
0.00      0.00      1.00      0.00
0.00      0.00      1.00      0.00
0.00      0.00      1.00      0.00
0.00      0.00      1.00      0.00
0.00      1.00      0.00      0.00
0.00      1.00      0.00      0.00
0.00      1.00      0.00      0.00
0.00      1.00      0.00      0.00
Fichier sx383 (langue : English)
Moyenne :
0.00      0.79      0.17      0.03-------------------------------------------------------

Fichier sx216 (langue : English)
Arabe     Anglais   Francais  Allemand  
0.00      0.00      0.00      1.00
0.00      0.00      0.00      1.00
1.00      0.00      0.00      0.00
0.00      0.00      0.00      1.00
0.00      0.00      0.00      1.00
0.00      0.00      0.00      1.00
0.00      0.00      0.00      1.00
0.00      0.00      0.00      1.00
0.00      0.00      0.00      1.00
0.00      0.00      0.00      1.00
0.00      0.00      0.00      1.00
0.00      0.00      0.00      1.00
Fichier sx216 (langue : English)
Moyenne :
0.08      0.00      0.00      0.92-------------------------------------------------------

Fichier sx374 (langue : English)
Arabe     Anglais   Francais  Allemand  
0.00      0.00      0.00      1.00
0.00      0.00      0.00      1.00
0.00      0.00      0.00      1.00
0.00      0.00      0.00      1.00
0.00      0.00      0.00      1.00
0.00      0.00      0.00      1.00
0.00      0.00      0.00      1.00
0.00      0.00      0.00      1.00
Fichier sx374 (langue : English)
Moyenne :
0.00      0.00      0.00      1.00-------------------------------------------------------

Fichier 2SR05_FFWC1_520 (langue : French)
Arabe     Anglais   Francais  Allemand  
0.00      1.00      0.00      0.00
0.00      0.00      0.00      1.00
0.00      0.00      0.00      1.00
1.00      0.00      0.00      0.00
0.00      1.00      0.00      0.00
0.00      1.00      0.00      0.00
0.00      0.00      0.00      1.00
0.00      0.00      0.00      1.00
0.00      0.00      0.00      1.00
0.00      0.00      0.00      1.00
Fichier 2SR05_FFWC1_520 (langue : French)
Moyenne :
0.10      0.30      0.00      0.60-------------------------------------------------------

Fichier 2SR11_FFGB1_521 (langue : French)
Arabe     Anglais   Francais  Allemand  
0.00      1.00      0.00      0.00
0.00      1.00      0.00      0.00
0.00      1.00      0.00      0.00
0.00      0.00      0.00      1.00
0.00      0.00      0.00      1.00
0.00      0.00      0.00      1.00
0.00      0.00      0.00      1.00
0.00      0.00      0.00      1.00
0.00      0.00      0.00      1.00
0.00      0.00      0.00      1.00
0.00      0.00      0.00      1.00
0.00      0.00      0.00      1.00
0.00      0.00      0.00      1.00
0.00      0.00      0.00      1.00
0.00      0.00      1.00      0.00
0.00      0.00      0.00      1.00
0.00      0.00      0.00      1.00
0.00      0.00      0.00      1.00
0.00      0.00      0.00      1.00
0.00      1.00      0.00      0.00
0.00      0.00      0.00      1.00
0.00      1.00      0.00      0.00
Fichier 2SR11_FFGB1_521 (langue : French)
Moyenne :
0.00      0.23      0.05      0.73-------------------------------------------------------

Fichier 2SR07_FFMB2_540 (langue : French)
Arabe     Anglais   Francais  Allemand  
0.00      1.00      0.00      0.00
0.00      1.00      0.00      0.00
0.00      1.00      0.00      0.00
0.00      1.00      0.00      0.00
0.00      1.00      0.00      0.00
0.00      1.00      0.00      0.00
0.00      0.00      0.00      1.00
0.00      0.00      0.00      1.00
0.00      0.00      0.00      1.00
0.00      0.00      0.00      1.00
0.00      0.00      0.00      1.00
0.00      0.00      0.00      1.00
0.00      0.00      0.00      1.00
0.00      0.00      0.00      1.00
0.00      0.00      0.00      1.00
0.00      0.00      0.00      1.00
0.00      0.00      0.00      1.00
0.00      0.00      0.00      1.00
0.00      0.00      0.00      1.00
0.00      0.00      0.00      1.00
Fichier 2SR07_FFMB2_540 (langue : French)
Moyenne :
0.00      0.30      0.00      0.70-------------------------------------------------------

Fichier 2SR08_FFGA2_555 (langue : French)
Arabe     Anglais   Francais  Allemand  
0.00      1.00      0.00      0.00
0.00      1.00      0.00      0.00
0.00      1.00      0.00      0.00
0.00      1.00      0.00      0.00
0.00      1.00      0.00      0.00
0.00      1.00      0.00      0.00
0.00      0.99      0.00      0.01
0.00      0.00      0.00      1.00
0.00      1.00      0.00      0.00
0.00      0.00      0.00      1.00
0.00      1.00      0.00      0.00
0.00      1.00      0.00      0.00
0.00      1.00      0.00      0.00
0.00      0.00      0.00      1.00
0.00      1.00      0.00      0.00
0.00      1.00      0.00      0.00
0.00      1.00      0.00      0.00
0.00      1.00      0.00      0.00
0.00      1.00      0.00      0.00
0.00      1.00      0.00      0.00
0.00      0.00      0.00      1.00
0.00      0.32      0.12      0.57
0.00      1.00      0.00      0.00
0.00      1.00      0.00      0.00
0.00      1.00      0.00      0.00
Fichier 2SR08_FFGA2_555 (langue : French)
Moyenne :
0.00      0.81      0.01      0.18-------------------------------------------------------

Fichier 2SR09_FFWB1_533 (langue : French)
Arabe     Anglais   Francais  Allemand  
0.00      1.00      0.00      0.00
0.00      1.00      0.00      0.00
0.00      1.00      0.00      0.00
0.00      1.00      0.00      0.00
0.00      1.00      0.00      0.00
0.00      1.00      0.00      0.00
0.00      1.00      0.00      0.00
0.00      0.00      0.00      1.00
0.00      0.87      0.00      0.13
0.00      0.00      0.00      1.00
0.00      0.00      0.00      1.00
0.00      1.00      0.00      0.00
0.00      0.00      0.00      1.00
0.00      0.00      0.00      1.00
0.00      0.00      0.00      1.00
0.00      0.00      0.00      1.00
0.00      0.00      0.00      1.00
0.00      1.00      0.00      0.00
0.00      1.00      0.00      0.00
0.00      1.00      0.00      0.00
0.00      1.00      0.00      0.00
0.00      1.00      0.00      0.00
0.00      1.00      0.00      0.00
0.00      1.00      0.00      0.00
0.00      1.00      0.00      0.00
0.00      1.00      0.00      0.00
0.00      1.00      0.00      0.00
0.00      0.00      0.00      1.00
0.00      1.00      0.00      0.00
Fichier 2SR09_FFWB1_533 (langue : French)
Moyenne :
0.00      0.69      0.00      0.31-------------------------------------------------------

Fichier 2SR10_FFBA2_552 (langue : French)
Arabe     Anglais   Francais  Allemand  
0.00      0.00      0.00      1.00
0.00      0.00      0.00      1.00
0.00      0.00      0.00      1.00
0.00      0.00      0.00      1.00
0.00      0.00      0.00      1.00
0.00      0.00      0.00      1.00
0.00      0.00      1.00      0.00
0.00      0.00      1.00      0.00
0.00      0.00      0.00      1.00
Fichier 2SR10_FFBA2_552 (langue : French)
Moyenne :
0.00      0.00      0.22      0.78-------------------------------------------------------

Fichier 2SR06_FFMC1_515 (langue : French)
Arabe     Anglais   Francais  Allemand  
0.00      1.00      0.00      0.00
0.00      1.00      0.00      0.00
0.00      1.00      0.00      0.00
0.00      1.00      0.00      0.00
0.00      1.00      0.00      0.00
0.00      0.00      1.00      0.00
0.00      0.00      1.00      0.00
0.00      0.00      1.00      0.00
0.00      1.00      0.00      0.00
0.00      0.00      1.00      0.00
0.00      0.00      1.00      0.00
0.00      1.00      0.00      0.00
0.00      0.00      1.00      0.00
0.00      0.00      1.00      0.00
0.00      0.00      0.00      1.00
0.00      0.00      0.00      1.00
0.00      1.00      0.00      0.00
0.00      0.00      0.00      1.00
0.00      1.00      0.00      0.00
0.00      0.42      0.58      0.00
0.00      0.00      1.00      0.00
0.00      1.00      0.00      0.00
0.00      1.00      0.00      0.00
0.00      1.00      0.00      0.00
0.00      1.00      0.00      0.00
0.00      1.00      0.00      0.00
0.00      1.00      0.00      0.00
Fichier 2SR06_FFMC1_515 (langue : French)
Moyenne :
0.00      0.57      0.32      0.11-------------------------------------------------------

Fichier 2SR12_FFMB2_525 (langue : French)
Arabe     Anglais   Francais  Allemand  
0.00      0.00      1.00      0.00
0.00      1.00      0.00      0.00
0.00      1.00      0.00      0.00
0.00      1.00      0.00      0.00
0.00      1.00      0.00      0.00
0.00      1.00      0.00      0.00
0.00      1.00      0.00      0.00
0.00      1.00      0.00      0.00
0.00      1.00      0.00      0.00
0.00      1.00      0.00      0.00
0.00      1.00      0.00      0.00
0.00      0.00      1.00      0.00
0.00      0.00      1.00      0.00
0.00      0.00      1.00      0.00
0.00      0.00      1.00      0.00
0.00      0.00      1.00      0.00
0.00      0.00      1.00      0.00
0.00      0.00      0.00      1.00
Fichier 2SR12_FFMB2_525 (langue : French)
Moyenne :
0.00      0.56      0.39      0.06-------------------------------------------------------

Fichier 2SR15_GGWA1_023 (langue : German)
Arabe     Anglais   Francais  Allemand  
0.00      1.00      0.00      0.00
0.00      1.00      0.00      0.00
0.00      1.00      0.00      0.00
0.00      1.00      0.00      0.00
0.00      1.00      0.00      0.00
0.00      1.00      0.00      0.00
0.00      1.00      0.00      0.00
0.00      0.00      0.00      1.00
0.00      0.00      0.00      1.00
0.00      0.00      0.00      1.00
0.00      0.00      0.00      1.00
0.00      0.00      0.00      1.00
0.00      0.00      0.00      1.00
0.00      0.00      1.00      0.00
0.00      0.00      0.00      1.00
0.00      0.00      0.00      1.00
0.00      1.00      0.00      0.00
0.00      0.00      0.00      1.00
0.00      0.00      0.00      1.00
0.00      0.00      0.00      1.00
0.00      0.00      0.00      1.00
0.00      0.00      1.00      0.00
0.00      0.00      0.00      1.00
0.00      0.00      0.00      1.00
0.00      0.00      0.00      1.00
0.00      0.00      0.00      1.00
0.00      0.00      0.00      1.00
0.00      0.00      0.00      1.00
0.00      0.00      0.00      1.00
0.00      0.00      0.00      1.00
0.00      0.00      0.00      1.00
0.00      0.00      0.00      1.00
0.00      0.00      0.00      1.00
0.00      0.00      0.00      1.00
0.00      0.00      0.00      1.00
0.00      0.00      0.00      1.00
Fichier 2SR15_GGWA1_023 (langue : German)
Moyenne :
0.00      0.22      0.06      0.72-------------------------------------------------------

Fichier 2SR21_GGMC1_005 (langue : German)
Arabe     Anglais   Francais  Allemand  
0.00      1.00      0.00      0.00
0.00      1.00      0.00      0.00
0.00      1.00      0.00      0.00
0.00      1.00      0.00      0.00
0.00      1.00      0.00      0.00
0.00      1.00      0.00      0.00
0.00      1.00      0.00      0.00
0.00      0.99      0.01      0.00
0.00      1.00      0.00      0.00
0.00      0.99      0.00      0.00
0.00      0.98      0.02      0.00
0.00      1.00      0.00      0.00
0.00      0.73      0.01      0.26
0.00      0.00      0.00      1.00
0.16      0.32      0.52      0.00
0.00      1.00      0.00      0.00
0.00      0.99      0.00      0.00
0.00      1.00      0.00      0.00
0.00      1.00      0.00      0.00
0.00      1.00      0.00      0.00
0.00      1.00      0.00      0.00
0.00      1.00      0.00      0.00
0.00      1.00      0.00      0.00
0.00      1.00      0.00      0.00
0.00      1.00      0.00      0.00
0.00      1.00      0.00      0.00
0.00      1.00      0.00      0.00
0.00      1.00      0.00      0.00
0.00      1.00      0.00      0.00
0.00      1.00      0.00      0.00
0.00      1.00      0.00      0.00
0.00      1.00      0.00      0.00
0.00      1.00      0.00      0.00
0.00      1.00      0.00      0.00
0.00      1.00      0.00      0.00
0.00      1.00      0.00      0.00
0.00      1.00      0.00      0.00
0.00      1.00      0.00      0.00
0.00      0.00      0.00      1.00
0.00      1.00      0.00      0.00
0.00      1.00      0.00      0.00
0.00      0.00      0.00      1.00
0.00      0.94      0.05      0.00
0.00      0.00      0.00      1.00
0.00      0.00      0.00      1.00
0.00      0.00      0.00      1.00
0.00      0.00      0.00      1.00
0.00      0.00      0.00      1.00
0.00      0.00      0.00      1.00
0.00      0.00      0.00      1.00
0.00      0.00      0.00      1.00
0.00      0.00      0.00      1.00
0.00      0.00      0.00      1.00
0.00      0.00      0.00      1.00
0.00      0.00      0.00      1.00
0.00      1.00      0.00      0.00
0.00      1.00      0.00      0.00
0.00      1.00      0.00      0.00
0.00      1.00      0.00      0.00
0.00      1.00      0.00      0.00
0.00      1.00      0.00      0.00
0.00      1.00      0.00      0.00
0.00      1.00      0.00      0.00
Fichier 2SR21_GGMC1_005 (langue : German)
Moyenne :
0.00      0.74      0.01      0.24-------------------------------------------------------

Fichier 2SR07_GGWA1_023 (langue : German)
Arabe     Anglais   Francais  Allemand  
0.00      1.00      0.00      0.00
0.00      1.00      0.00      0.00
0.00      1.00      0.00      0.00
0.00      1.00      0.00      0.00
0.00      1.00      0.00      0.00
0.00      1.00      0.00      0.00
0.00      1.00      0.00      0.00
0.00      0.00      0.00      1.00
0.00      0.00      0.00      1.00
0.00      1.00      0.00      0.00
0.00      1.00      0.00      0.00
0.00      0.00      0.00      1.00
0.00      0.00      0.00      1.00
0.00      0.00      0.00      1.00
0.00      0.00      0.00      1.00
0.00      1.00      0.00      0.00
0.00      1.00      0.00      0.00
0.00      1.00      0.00      0.00
0.00      1.00      0.00      0.00
0.00      0.00      1.00      0.00
0.00      0.00      1.00      0.00
0.00      0.00      1.00      0.00
0.00      0.00      0.00      1.00
0.00      0.00      0.00      1.00
0.00      1.00      0.00      0.00
0.00      1.00      0.00      0.00
0.00      1.00      0.00      0.00
0.00      1.00      0.00      0.00
0.00      1.00      0.00      0.00
0.00      1.00      0.00      0.00
0.00      1.00      0.00      0.00
0.00      1.00      0.00      0.00
Fichier 2SR07_GGWA1_023 (langue : German)
Moyenne :
0.00      0.66      0.09      0.25-------------------------------------------------------

Fichier 2SR19_GGBA2_007 (langue : German)
Arabe     Anglais   Francais  Allemand  
0.00      1.00      0.00      0.00
0.00      1.00      0.00      0.00
0.00      1.00      0.00      0.00
0.00      1.00      0.00      0.00
0.00      1.00      0.00      0.00
0.00      1.00      0.00      0.00
0.00      1.00      0.00      0.00
0.00      0.00      0.00      1.00
0.00      0.00      0.00      1.00
0.00      0.00      0.00      1.00
0.00      0.00      0.00      1.00
0.00      0.00      0.00      1.00
0.00      0.00      0.00      1.00
0.00      0.00      0.00      1.00
0.00      0.00      0.00      1.00
0.00      0.00      0.00      1.00
0.00      0.00      0.00      1.00
0.00      0.00      0.00      1.00
0.00      0.00      0.00      1.00
0.00      0.00      0.00      1.00
0.00      0.00      1.00      0.00
0.00      0.00      0.00      1.00
0.00      0.00      0.00      1.00
Fichier 2SR19_GGBA2_007 (langue : German)
Moyenne :
0.00      0.30      0.04      0.65-------------------------------------------------------

Fichier 2SR10_GGMB2_033 (langue : German)
Arabe     Anglais   Francais  Allemand  
0.00      1.00      0.00      0.00
0.00      1.00      0.00      0.00
0.00      1.00      0.00      0.00
0.00      1.00      0.00      0.00
0.00      1.00      0.00      0.00
0.00      1.00      0.00      0.00
0.00      1.00      0.00      0.00
0.00      1.00      0.00      0.00
0.00      1.00      0.00      0.00
0.00      1.00      0.00      0.00
0.00      1.00      0.00      0.00
0.00      0.00      0.00      1.00
0.00      0.00      0.00      1.00
0.00      0.00      0.00      1.00
0.00      0.00      0.00      1.00
0.00      0.00      0.00      1.00
0.00      0.00      0.00      1.00
0.00      0.00      0.00      1.00
0.00      0.00      0.00      1.00
0.00      0.00      0.00      1.00
0.00      0.00      0.00      1.00
0.00      0.00      0.00      1.00
0.00      0.00      0.00      1.00
0.00      0.00      0.00      1.00
0.00      0.00      0.04      0.96
0.00      1.00      0.00      0.00
0.00      1.00      0.00      0.00
0.00      1.00      0.00      0.00
0.00      1.00      0.00      0.00
0.00      0.00      0.00      1.00
0.00      0.00      0.06      0.94
0.00      0.00      0.00      1.00
0.00      0.00      0.00      1.00
0.00      1.00      0.00      0.00
0.00      1.00      0.00      0.00
0.00      1.00      0.00      0.00
0.00      1.00      0.00      0.00
Fichier 2SR10_GGMB2_033 (langue : German)
Moyenne :
0.00      0.51      0.00      0.48-------------------------------------------------------

Fichier 2SR25_GGWC1_013 (langue : German)
Arabe     Anglais   Francais  Allemand  
0.00      1.00      0.00      0.00
0.00      1.00      0.00      0.00
0.00      0.00      0.00      1.00
0.00      0.00      0.00      1.00
0.00      0.00      0.00      1.00
0.00      0.00      0.00      1.00
0.00      1.00      0.00      0.00
0.00      0.00      1.00      0.00
0.00      0.00      1.00      0.00
0.00      0.00      1.00      0.00
0.00      0.00      1.00      0.00
0.00      1.00      0.00      0.00
0.00      1.00      0.00      0.00
0.00      0.00      1.00      0.00
0.00      1.00      0.00      0.00
0.00      1.00      0.00      0.00
Fichier 2SR25_GGWC1_013 (langue : German)
Moyenne :
0.00      0.44      0.31      0.25-------------------------------------------------------

Fichier 2SR06_GGGB1_027 (langue : German)
Arabe     Anglais   Francais  Allemand  
0.00      1.00      0.00      0.00
0.00      0.00      0.00      1.00
0.00      0.00      0.00      1.00
0.00      0.00      0.00      1.00
0.00      0.00      0.00      1.00
0.00      0.00      0.00      1.00
0.00      0.00      0.00      1.00
0.00      0.00      0.00      1.00
0.00      1.00      0.00      0.00
0.00      1.00      0.00      0.00
0.00      0.00      0.00      1.00
0.00      0.00      0.00      1.00
0.00      1.00      0.00      0.00
Fichier 2SR06_GGGB1_027 (langue : German)
Moyenne :
0.00      0.31      0.00      0.69-------------------------------------------------------

Fichier 2SR11_GGMA2_039 (langue : German)
Arabe     Anglais   Francais  Allemand  
0.00      1.00      0.00      0.00
0.00      1.00      0.00      0.00
0.00      1.00      0.00      0.00
0.00      0.00      0.00      1.00
0.00      0.00      0.00      1.00
0.00      0.00      0.00      1.00
0.00      0.00      0.00      1.00
0.00      0.00      0.00      1.00
0.00      0.00      0.00      1.00
0.00      0.00      0.00      1.00
0.00      0.00      0.00      1.00
0.00      0.00      0.00      1.00
0.00      0.00      1.00      0.00
0.00      0.00      0.00      1.00
0.00      0.00      1.00      0.00
0.00      0.00      1.00      0.00
0.00      0.00      1.00      0.00
0.00      1.00      0.00      0.00
0.00      1.00      0.00      0.00
0.00      1.00      0.00      0.00
0.00      1.00      0.00      0.00
0.00      1.00      0.00      0.00
0.00      1.00      0.00      0.00
0.00      1.00      0.00      0.00
0.00      1.00      0.00      0.00
0.00      1.00      0.00      0.00
0.00      1.00      0.00      0.00
Fichier 2SR11_GGMA2_039 (langue : German)
Moyenne :
0.00      0.48      0.15      0.37-------------------------------------------------------

Fichier 2SR05_GGMA2_036 (langue : German)
Arabe     Anglais   Francais  Allemand  
0.00      1.00      0.00      0.00
0.00      1.00      0.00      0.00
0.00      1.00      0.00      0.00
0.00      1.00      0.00      0.00
0.00      1.00      0.00      0.00
0.00      1.00      0.00      0.00
0.00      1.00      0.00      0.00
0.00      1.00      0.00      0.00
0.00      1.00      0.00      0.00
0.00      1.00      0.00      0.00
0.00      1.00      0.00      0.00
0.00      1.00      0.00      0.00
0.00      1.00      0.00      0.00
0.00      1.00      0.00      0.00
0.00      1.00      0.00      0.00
0.00      1.00      0.00      0.00
0.00      1.00      0.00      0.00
0.00      1.00      0.00      0.00
0.00      0.00      0.00      1.00
0.00      0.00      0.00      1.00
0.00      1.00      0.00      0.00
0.00      0.00      0.00      1.00
0.00      1.00      0.00      0.00
0.00      1.00      0.00      0.00
0.00      0.00      1.00      0.00
0.00      1.00      0.00      0.00
0.00      1.00      0.00      0.00
0.00      1.00      0.00      0.00
0.00      1.00      0.00      0.00
Fichier 2SR05_GGMA2_036 (langue : German)
Moyenne :
0.00      0.86      0.03      0.10-------------------------------------------------------

Fichier 2SR20_GGWB1_010 (langue : German)
Arabe     Anglais   Francais  Allemand  
0.00      0.00      0.00      1.00
0.00      0.00      0.00      1.00
0.00      0.00      0.00      1.00
0.00      0.00      0.00      1.00
0.00      0.00      0.00      1.00
0.00      0.00      0.00      1.00
0.00      0.00      0.00      1.00
0.00      0.00      0.00      1.00
0.00      0.00      0.00      1.00
0.00      0.00      0.00      1.00
0.00      0.00      0.00      1.00
0.00      0.00      0.00      1.00
Fichier 2SR20_GGWB1_010 (langue : German)
Moyenne :
0.00      0.00      0.00      1.00-------------------------------------------------------

