Fichier N1_011101_ORI_AR.test (langue : Arabic)
Arabe     Anglais   Francais  Allemand  
1.00      0.00      0.00      0.00
1.00      0.00      0.00      0.00
1.00      0.00      0.00      0.00
0.99      0.00      0.00      0.00
0.97      0.00      0.03      0.00
0.86      0.05      0.09      0.00
0.00      0.96      0.03      0.00
0.00      0.98      0.01      0.00
0.03      0.96      0.01      0.00
0.09      0.88      0.03      0.00
0.01      0.98      0.02      0.00
0.01      0.52      0.42      0.04
0.88      0.00      0.10      0.02
0.99      0.00      0.01      0.00
0.74      0.11      0.13      0.02
0.13      0.85      0.02      0.00
0.95      0.04      0.00      0.00
0.99      0.01      0.00      0.00
0.02      0.87      0.10      0.01
0.00      0.97      0.02      0.00
0.01      0.89      0.10      0.00
0.22      0.72      0.06      0.00
0.21      0.77      0.02      0.00
0.99      0.00      0.01      0.00
0.98      0.00      0.02      0.00
0.96      0.00      0.03      0.00
0.86      0.02      0.11      0.00
0.93      0.04      0.03      0.01
0.01      0.96      0.03      0.00
0.82      0.04      0.13      0.01
1.00      0.00      0.00      0.00
0.26      0.03      0.70      0.01
0.91      0.01      0.08      0.00
0.30      0.10      0.21      0.39
0.01      0.80      0.18      0.00
0.38      0.44      0.17      0.01
0.01      0.95      0.04      0.01
0.53      0.35      0.12      0.00
0.01      0.97      0.02      0.00
0.72      0.19      0.08      0.00
0.78      0.03      0.19      0.00
1.00      0.00      0.00      0.00
0.54      0.42      0.04      0.00
0.95      0.01      0.05      0.00
Fichier N1_011101_ORI_AR.test (langue : Arabic)
Moyenne :
0.55      0.36      0.08      0.01-------------------------------------------------------

Fichier N7_050403_ORI_AR.test (langue : Arabic)
Arabe     Anglais   Francais  Allemand  
1.00      0.00      0.00      0.00
1.00      0.00      0.00      0.00
0.95      0.00      0.05      0.00
0.02      0.96      0.01      0.00
0.70      0.00      0.30      0.00
1.00      0.00      0.00      0.00
1.00      0.00      0.00      0.00
0.90      0.05      0.04      0.01
0.00      0.92      0.05      0.02
0.01      0.97      0.02      0.00
0.02      0.94      0.04      0.00
0.01      0.97      0.01      0.00
0.00      0.98      0.02      0.00
0.47      0.00      0.52      0.00
0.98      0.00      0.02      0.00
0.77      0.00      0.23      0.00
0.99      0.00      0.00      0.00
0.99      0.00      0.01      0.00
1.00      0.00      0.00      0.00
Fichier N7_050403_ORI_AR.test (langue : Arabic)
Moyenne :
0.62      0.31      0.07      0.00-------------------------------------------------------

Fichier N7_050403_ORI_AR.test2 (langue : Arabic)
Arabe     Anglais   Francais  Allemand  
1.00      0.00      0.00      0.00
1.00      0.00      0.00      0.00
0.99      0.00      0.00      0.00
1.00      0.00      0.00      0.00
0.29      0.05      0.65      0.01
0.04      0.78      0.16      0.02
0.11      0.59      0.28      0.02
0.00      0.98      0.01      0.00
0.32      0.57      0.10      0.01
0.01      0.95      0.04      0.00
0.03      0.78      0.17      0.01
0.05      0.90      0.04      0.01
0.01      0.95      0.04      0.01
0.48      0.43      0.08      0.01
0.22      0.69      0.08      0.01
0.57      0.08      0.34      0.01
0.91      0.00      0.09      0.00
0.05      0.09      0.82      0.05
0.02      0.00      0.98      0.00
1.00      0.00      0.00      0.00
1.00      0.00      0.00      0.00
0.89      0.03      0.06      0.01
0.96      0.00      0.03      0.01
0.88      0.02      0.10      0.00
0.99      0.00      0.01      0.00
0.98      0.00      0.02      0.00
0.04      0.96      0.00      0.00
1.00      0.00      0.00      0.00
0.85      0.00      0.15      0.00
Fichier N7_050403_ORI_AR.test2 (langue : Arabic)
Moyenne :
0.54      0.31      0.15      0.01-------------------------------------------------------

Fichier N1_011101_ORI_AR.test2 (langue : Arabic)
Arabe     Anglais   Francais  Allemand  
0.00      0.98      0.01      0.01
0.00      0.72      0.22      0.06
0.00      0.00      0.99      0.00
0.00      0.00      0.05      0.95
0.28      0.00      0.10      0.62
0.00      0.94      0.04      0.01
0.00      0.00      0.00      1.00
0.01      0.00      0.00      0.99
0.01      0.00      0.00      0.99
0.22      0.05      0.51      0.22
0.80      0.20      0.00      0.00
0.00      0.15      0.00      0.85
0.00      0.67      0.21      0.13
0.01      0.96      0.03      0.01
0.90      0.06      0.03      0.00
0.82      0.18      0.00      0.00
0.86      0.13      0.01      0.00
0.19      0.52      0.04      0.25
0.00      0.00      0.00      1.00
0.00      0.00      0.00      1.00
0.00      0.99      0.00      0.01
0.00      0.99      0.00      0.01
0.01      0.92      0.06      0.01
0.07      0.44      0.18      0.32
Fichier N1_011101_ORI_AR.test2 (langue : Arabic)
Moyenne :
0.17      0.37      0.10      0.35-------------------------------------------------------

Fichier sx110 (langue : English)
Arabe     Anglais   Francais  Allemand  
0.00      1.00      0.00      0.00
0.00      0.06      0.00      0.94
0.00      0.00      0.98      0.02
0.00      0.30      0.05      0.65
0.00      0.00      1.00      0.00
0.00      0.08      0.92      0.00
0.00      1.00      0.00      0.00
0.00      1.00      0.00      0.00
0.00      1.00      0.00      0.00
0.00      0.96      0.00      0.04
0.00      0.88      0.08      0.04
0.00      0.10      0.90      0.00
0.00      0.90      0.01      0.09
0.00      0.89      0.04      0.08
0.00      0.02      0.29      0.68
0.02      0.31      0.01      0.67
0.00      0.97      0.01      0.02
0.00      1.00      0.00      0.00
0.00      0.00      0.00      1.00
0.00      1.00      0.00      0.00
0.00      1.00      0.00      0.00
0.00      1.00      0.00      0.00
0.00      0.48      0.00      0.52
0.00      0.00      0.00      1.00
0.00      0.00      0.00      1.00
0.00      1.00      0.00      0.00
Fichier sx110 (langue : English)
Moyenne :
0.00      0.58      0.16      0.26-------------------------------------------------------

Fichier sx20 (langue : English)
Arabe     Anglais   Francais  Allemand  
0.00      1.00      0.00      0.00
0.00      1.00      0.00      0.00
0.00      0.00      0.99      0.01
0.00      0.99      0.01      0.00
0.00      1.00      0.00      0.00
0.00      1.00      0.00      0.00
1.00      0.00      0.00      0.00
0.00      1.00      0.00      0.00
0.00      1.00      0.00      0.00
0.00      1.00      0.00      0.00
0.00      0.97      0.03      0.00
0.00      0.00      1.00      0.00
0.00      0.00      0.98      0.02
0.00      0.86      0.06      0.08
0.00      0.96      0.01      0.03
0.00      1.00      0.00      0.00
0.00      0.66      0.26      0.08
0.00      0.00      0.99      0.01
0.00      0.00      0.00      0.99
0.01      0.99      0.00      0.00
0.05      0.95      0.00      0.00
1.00      0.00      0.00      0.00
0.00      0.00      0.00      1.00
0.00      0.00      0.21      0.78
0.00      1.00      0.00      0.00
0.00      1.00      0.00      0.00
0.00      1.00      0.00      0.00
0.00      1.00      0.00      0.00
0.00      1.00      0.00      0.00
0.00      1.00      0.00      0.00
0.00      1.00      0.00      0.00
0.00      1.00      0.00      0.00
0.00      1.00      0.00      0.00
Fichier sx20 (langue : English)
Moyenne :
0.06      0.71      0.14      0.09-------------------------------------------------------

Fichier sx385 (langue : English)
Arabe     Anglais   Francais  Allemand  
0.00      0.62      0.36      0.02
0.00      0.98      0.02      0.00
0.00      0.47      0.51      0.02
0.00      0.82      0.00      0.18
0.00      1.00      0.00      0.00
0.00      0.99      0.00      0.01
0.99      0.00      0.01      0.00
0.00      0.20      0.00      0.80
0.00      0.00      0.00      1.00
0.00      0.99      0.00      0.01
0.00      0.99      0.01      0.00
0.00      1.00      0.00      0.00
0.00      1.00      0.00      0.00
0.00      1.00      0.00      0.00
0.00      1.00      0.00      0.00
0.00      0.98      0.00      0.02
Fichier sx385 (langue : English)
Moyenne :
0.06      0.75      0.06      0.13-------------------------------------------------------

Fichier sx313 (langue : English)
Arabe     Anglais   Francais  Allemand  
0.00      1.00      0.00      0.00
0.00      1.00      0.00      0.00
0.00      1.00      0.00      0.00
0.00      1.00      0.00      0.00
0.00      1.00      0.00      0.00
0.00      1.00      0.00      0.00
0.00      0.01      0.00      0.99
0.00      1.00      0.00      0.00
0.00      1.00      0.00      0.00
0.00      0.00      0.00      1.00
0.00      0.00      0.00      1.00
0.00      0.00      0.00      1.00
0.00      0.15      0.00      0.85
0.00      0.24      0.00      0.76
0.00      0.96      0.00      0.04
0.00      1.00      0.00      0.00
0.00      1.00      0.00      0.00
0.00      1.00      0.00      0.00
0.00      1.00      0.00      0.00
0.00      0.98      0.00      0.02
0.00      0.16      0.82      0.02
0.00      1.00      0.00      0.00
0.00      0.01      0.55      0.45
0.00      0.00      0.00      1.00
0.00      0.00      0.00      1.00
0.00      1.00      0.00      0.00
0.00      1.00      0.00      0.00
0.00      0.00      0.00      1.00
0.00      1.00      0.00      0.00
0.00      0.89      0.09      0.02
0.00      0.00      0.00      1.00
0.00      0.00      0.00      1.00
0.00      1.00      0.00      0.00
Fichier sx313 (langue : English)
Moyenne :
0.00      0.62      0.04      0.34-------------------------------------------------------

Fichier sx133 (langue : English)
Arabe     Anglais   Francais  Allemand  
0.00      1.00      0.00      0.00
0.00      1.00      0.00      0.00
0.00      1.00      0.00      0.00
0.00      1.00      0.00      0.00
0.00      1.00      0.00      0.00
0.00      0.99      0.00      0.00
0.00      0.58      0.00      0.42
0.00      0.00      0.00      1.00
0.00      0.97      0.00      0.03
0.00      1.00      0.00      0.00
0.00      0.24      0.68      0.08
0.00      0.01      0.00      0.99
0.00      0.00      0.00      1.00
0.00      0.00      0.00      1.00
0.00      0.00      0.00      1.00
0.00      1.00      0.00      0.00
0.00      1.00      0.00      0.00
0.00      1.00      0.00      0.00
0.00      1.00      0.00      0.00
0.00      1.00      0.00      0.00
0.00      1.00      0.00      0.00
0.00      1.00      0.00      0.00
0.00      1.00      0.00      0.00
0.00      0.00      0.00      1.00
0.00      0.00      0.00      1.00
0.00      1.00      0.00      0.00
0.00      0.54      0.00      0.46
0.00      0.00      0.00      1.00
0.00      1.00      0.00      0.00
0.00      1.00      0.00      0.00
Fichier sx133 (langue : English)
Moyenne :
0.00      0.68      0.02      0.30-------------------------------------------------------

Fichier sx409 (langue : English)
Arabe     Anglais   Francais  Allemand  
0.00      0.92      0.00      0.08
0.00      0.00      0.00      1.00
0.00      0.04      0.18      0.77
0.00      0.00      0.57      0.43
0.00      0.36      0.49      0.15
0.00      0.88      0.07      0.05
0.00      0.00      0.00      1.00
0.00      0.09      0.00      0.91
0.00      0.92      0.02      0.06
0.00      0.98      0.02      0.00
0.00      0.00      0.00      1.00
0.00      0.02      0.00      0.98
0.00      0.00      0.00      1.00
0.00      0.01      0.00      0.99
0.00      0.58      0.38      0.03
0.00      0.15      0.78      0.07
0.00      0.32      0.52      0.16
0.00      0.00      0.00      1.00
0.00      0.99      0.00      0.01
0.00      0.82      0.00      0.18
0.00      1.00      0.00      0.00
0.00      0.97      0.00      0.03
0.00      0.00      1.00      0.00
0.00      0.44      0.49      0.08
0.00      0.92      0.00      0.08
0.00      0.17      0.00      0.83
Fichier sx409 (langue : English)
Moyenne :
0.00      0.41      0.17      0.42-------------------------------------------------------

Fichier sx293 (langue : English)
Arabe     Anglais   Francais  Allemand  
0.00      0.81      0.00      0.19
0.00      1.00      0.00      0.00
0.07      0.42      0.46      0.05
0.00      0.08      0.91      0.00
0.00      0.12      0.87      0.01
0.00      0.00      0.06      0.94
0.00      0.00      0.00      1.00
0.00      0.00      0.66      0.34
0.00      0.00      1.00      0.00
0.00      0.90      0.00      0.09
0.00      1.00      0.00      0.00
0.00      1.00      0.00      0.00
0.00      0.84      0.15      0.01
0.00      0.00      1.00      0.00
0.00      0.00      0.00      1.00
1.00      0.00      0.00      0.00
0.00      0.00      0.00      1.00
0.00      0.88      0.00      0.12
0.00      0.99      0.00      0.01
0.00      0.10      0.00      0.90
0.00      0.02      0.00      0.98
0.00      1.00      0.00      0.00
0.00      0.00      0.00      1.00
0.00      0.00      0.00      1.00
0.00      1.00      0.00      0.00
0.00      1.00      0.00      0.00
0.00      1.00      0.00      0.00
0.00      0.63      0.09      0.27
0.00      0.95      0.00      0.05
0.00      0.59      0.31      0.09
0.00      1.00      0.00      0.00
0.00      1.00      0.00      0.00
0.00      1.00      0.00      0.00
Fichier sx293 (langue : English)
Moyenne :
0.03      0.52      0.17      0.28-------------------------------------------------------

Fichier sx380 (langue : English)
Arabe     Anglais   Francais  Allemand  
0.00      1.00      0.00      0.00
0.00      0.00      0.00      1.00
0.00      1.00      0.00      0.00
0.00      1.00      0.00      0.00
0.00      1.00      0.00      0.00
0.00      0.00      0.00      1.00
0.00      1.00      0.00      0.00
0.00      0.00      0.00      1.00
0.00      1.00      0.00      0.00
0.00      0.98      0.00      0.02
0.00      0.25      0.00      0.75
0.00      0.00      0.05      0.95
0.00      1.00      0.00      0.00
0.00      1.00      0.00      0.00
0.00      1.00      0.00      0.00
0.00      1.00      0.00      0.00
0.00      1.00      0.00      0.00
0.00      1.00      0.00      0.00
0.00      1.00      0.00      0.00
0.00      1.00      0.00      0.00
0.00      1.00      0.00      0.00
0.00      1.00      0.00      0.00
0.00      1.00      0.00      0.00
0.00      1.00      0.00      0.00
0.00      1.00      0.00      0.00
0.00      1.00      0.00      0.00
0.00      1.00      0.00      0.00
0.00      1.00      0.00      0.00
0.00      1.00      0.00      0.00
0.00      1.00      0.00      0.00
0.00      1.00      0.00      0.00
0.00      1.00      0.00      0.00
0.00      1.00      0.00      0.00
0.00      1.00      0.00      0.00
0.00      1.00      0.00      0.00
0.00      1.00      0.00      0.00
0.00      1.00      0.00      0.00
0.00      1.00      0.00      0.00
Fichier sx380 (langue : English)
Moyenne :
0.00      0.87      0.00      0.12-------------------------------------------------------

Fichier sx139 (langue : English)
Arabe     Anglais   Francais  Allemand  
0.00      0.00      0.99      0.01
0.18      0.00      0.01      0.81
0.00      0.00      0.01      0.99
0.01      0.93      0.05      0.01
0.00      0.99      0.00      0.00
0.00      0.00      0.98      0.02
0.00      0.00      0.00      1.00
0.00      0.00      0.99      0.01
0.01      0.00      0.98      0.01
0.00      0.55      0.01      0.44
0.00      0.21      0.76      0.03
0.00      0.52      0.04      0.43
0.00      0.02      0.00      0.98
0.00      0.00      0.00      1.00
0.00      1.00      0.00      0.00
0.00      1.00      0.00      0.00
0.00      1.00      0.00      0.00
0.00      0.00      0.00      1.00
0.00      0.00      0.00      1.00
0.00      0.20      0.00      0.80
0.00      1.00      0.00      0.00
Fichier sx139 (langue : English)
Moyenne :
0.01      0.35      0.23      0.41-------------------------------------------------------

Fichier sx9 (langue : English)
Arabe     Anglais   Francais  Allemand  
0.00      1.00      0.00      0.00
0.00      1.00      0.00      0.00
0.00      0.89      0.11      0.00
0.00      0.02      0.97      0.01
0.00      0.00      1.00      0.00
0.00      0.71      0.28      0.01
0.00      0.60      0.40      0.00
0.00      0.96      0.04      0.00
0.01      0.09      0.91      0.00
0.20      0.59      0.21      0.00
0.03      0.87      0.09      0.00
0.00      1.00      0.00      0.00
0.00      1.00      0.00      0.00
0.00      1.00      0.00      0.00
0.00      1.00      0.00      0.00
0.00      1.00      0.00      0.00
0.00      1.00      0.00      0.00
Fichier sx9 (langue : English)
Moyenne :
0.01      0.75      0.24      0.00-------------------------------------------------------

Fichier sx295 (langue : English)
Arabe     Anglais   Francais  Allemand  
0.00      1.00      0.00      0.00
0.00      1.00      0.00      0.00
0.00      0.98      0.00      0.02
0.00      0.99      0.01      0.01
0.00      0.44      0.00      0.56
0.00      1.00      0.00      0.00
0.00      0.97      0.00      0.02
0.00      1.00      0.00      0.00
0.00      1.00      0.00      0.00
0.00      0.98      0.02      0.00
0.03      0.90      0.07      0.00
0.00      1.00      0.00      0.00
0.00      0.00      1.00      0.00
0.00      1.00      0.00      0.00
0.00      1.00      0.00      0.00
0.00      1.00      0.00      0.00
0.00      1.00      0.00      0.00
0.00      1.00      0.00      0.00
0.00      1.00      0.00      0.00
0.00      1.00      0.00      0.00
0.00      1.00      0.00      0.00
0.00      1.00      0.00      0.00
0.00      1.00      0.00      0.00
1.00      0.00      0.00      0.00
0.00      1.00      0.00      0.00
0.00      1.00      0.00      0.00
0.00      1.00      0.00      0.00
0.00      1.00      0.00      0.00
0.00      1.00      0.00      0.00
Fichier sx295 (langue : English)
Moyenne :
0.04      0.90      0.04      0.02-------------------------------------------------------

Fichier sx229 (langue : English)
Arabe     Anglais   Francais  Allemand  
0.00      0.02      0.01      0.97
0.00      0.64      0.09      0.27
0.00      0.97      0.01      0.01
0.00      0.07      0.00      0.93
0.00      0.07      0.00      0.92
0.00      0.83      0.00      0.17
0.17      0.38      0.43      0.02
0.00      0.31      0.48      0.21
0.00      0.00      0.01      0.99
0.00      0.11      0.85      0.04
Fichier sx229 (langue : English)
Moyenne :
0.02      0.34      0.19      0.46-------------------------------------------------------

Fichier sx290 (langue : English)
Arabe     Anglais   Francais  Allemand  
0.00      1.00      0.00      0.00
0.00      1.00      0.00      0.00
0.00      0.87      0.00      0.13
0.00      0.99      0.00      0.01
0.00      1.00      0.00      0.00
0.00      0.99      0.00      0.01
0.00      1.00      0.00      0.00
0.00      0.00      0.00      1.00
0.00      0.00      0.00      1.00
0.00      0.00      0.00      1.00
0.00      0.00      0.04      0.96
0.00      0.87      0.03      0.10
0.00      0.00      0.00      1.00
0.00      0.11      0.03      0.86
0.00      0.03      0.08      0.89
0.00      0.99      0.00      0.01
0.00      1.00      0.00      0.00
0.00      1.00      0.00      0.00
0.00      0.00      0.00      1.00
0.00      0.38      0.00      0.62
0.00      0.03      0.00      0.97
0.00      0.00      0.00      1.00
0.00      1.00      0.00      0.00
0.00      1.00      0.00      0.00
0.00      0.87      0.02      0.11
0.00      0.62      0.00      0.38
0.00      1.00      0.00      0.00
0.00      0.99      0.00      0.00
0.00      1.00      0.00      0.00
0.00      1.00      0.00      0.00
0.00      0.99      0.00      0.00
0.00      0.96      0.00      0.04
0.00      1.00      0.00      0.00
Fichier sx290 (langue : English)
Moyenne :
0.00      0.66      0.01      0.34-------------------------------------------------------

Fichier sx394 (langue : English)
Arabe     Anglais   Francais  Allemand  
0.00      1.00      0.00      0.00
0.00      0.90      0.05      0.05
0.00      0.00      1.00      0.00
0.00      0.00      1.00      0.00
0.00      0.87      0.01      0.12
0.00      0.97      0.02      0.01
0.00      0.56      0.00      0.44
0.00      0.52      0.48      0.01
0.00      0.00      1.00      0.00
0.00      0.00      0.99      0.01
0.00      0.98      0.02      0.00
0.00      0.99      0.00      0.01
0.00      1.00      0.00      0.00
0.00      1.00      0.00      0.00
0.00      0.22      0.01      0.77
0.00      0.90      0.04      0.06
0.00      0.01      0.00      0.99
0.00      0.34      0.46      0.20
0.00      0.01      0.91      0.08
0.00      0.00      1.00      0.00
0.00      0.00      0.00      1.00
0.00      0.75      0.00      0.25
0.00      0.94      0.03      0.02
0.00      0.04      0.00      0.95
0.00      1.00      0.00      0.00
0.00      0.57      0.31      0.12
0.00      0.03      0.96      0.01
0.00      0.28      0.62      0.10
0.00      1.00      0.00      0.00
0.00      1.00      0.00      0.00
0.00      1.00      0.00      0.00
0.00      1.00      0.00      0.00
0.00      0.99      0.00      0.01
0.00      1.00      0.00      0.00
0.00      0.05      0.95      0.00
0.00      0.00      1.00      0.00
Fichier sx394 (langue : English)
Moyenne :
0.00      0.55      0.30      0.14-------------------------------------------------------

Fichier sx304 (langue : English)
Arabe     Anglais   Francais  Allemand  
0.00      0.01      0.99      0.00
0.00      0.17      0.83      0.00
0.00      0.00      1.00      0.00
0.00      1.00      0.00      0.00
0.00      0.77      0.21      0.02
0.00      0.86      0.13      0.01
0.00      0.03      0.90      0.07
0.00      0.95      0.04      0.01
0.02      0.77      0.20      0.01
0.00      1.00      0.00      0.00
0.00      0.97      0.03      0.00
0.00      0.93      0.00      0.07
0.00      0.86      0.01      0.13
0.00      0.99      0.00      0.01
0.00      1.00      0.00      0.00
0.00      1.00      0.00      0.00
0.00      0.83      0.00      0.17
0.00      1.00      0.00      0.00
0.00      0.17      0.00      0.83
0.00      0.99      0.00      0.00
0.00      0.20      0.00      0.80
0.00      0.99      0.00      0.01
0.00      1.00      0.00      0.00
0.00      0.00      0.05      0.94
0.00      0.95      0.04      0.02
0.00      0.96      0.03      0.01
0.01      0.95      0.04      0.00
0.01      0.98      0.01      0.00
0.00      0.99      0.01      0.00
0.00      0.99      0.00      0.01
0.00      0.00      0.00      1.00
0.00      0.06      0.00      0.94
0.00      1.00      0.00      0.00
0.00      0.91      0.04      0.06
0.00      0.94      0.06      0.00
0.00      0.01      0.99      0.00
0.00      0.98      0.02      0.00
0.00      0.15      0.30      0.55
0.00      0.06      0.01      0.92
Fichier sx304 (langue : English)
Moyenne :
0.00      0.68      0.15      0.17-------------------------------------------------------

Fichier sx203 (langue : English)
Arabe     Anglais   Francais  Allemand  
0.00      1.00      0.00      0.00
0.00      0.80      0.00      0.20
0.00      0.07      0.92      0.01
0.00      0.06      0.92      0.01
0.00      0.01      0.92      0.07
0.00      0.00      0.70      0.30
0.00      0.91      0.01      0.08
0.00      0.00      0.44      0.56
0.00      0.10      0.67      0.22
0.00      0.18      0.80      0.02
0.00      0.00      0.84      0.16
0.00      0.00      0.00      1.00
0.00      1.00      0.00      0.00
0.00      1.00      0.00      0.00
0.00      1.00      0.00      0.00
0.00      0.01      0.00      0.99
0.00      0.99      0.00      0.00
0.00      1.00      0.00      0.00
0.00      1.00      0.00      0.00
0.00      1.00      0.00      0.00
0.00      1.00      0.00      0.00
0.00      0.00      1.00      0.00
0.00      0.00      0.00      1.00
0.00      0.00      0.00      1.00
0.00      0.01      0.02      0.97
0.00      0.74      0.19      0.07
0.08      0.86      0.06      0.00
0.00      0.99      0.01      0.00
0.00      1.00      0.00      0.00
Fichier sx203 (langue : English)
Moyenne :
0.00      0.51      0.26      0.23-------------------------------------------------------

Fichier sx126 (langue : English)
Arabe     Anglais   Francais  Allemand  
0.00      1.00      0.00      0.00
0.00      0.04      0.00      0.96
0.00      0.00      0.00      1.00
0.00      0.00      0.00      0.99
0.00      0.00      0.00      1.00
0.00      0.00      0.00      1.00
0.00      0.95      0.01      0.04
0.00      0.87      0.12      0.01
0.00      0.00      0.00      1.00
0.00      0.00      0.00      1.00
0.00      0.00      0.00      1.00
0.00      0.97      0.02      0.02
0.00      0.00      0.00      1.00
0.00      0.96      0.01      0.02
0.00      1.00      0.00      0.00
0.00      1.00      0.00      0.00
0.00      1.00      0.00      0.00
0.00      1.00      0.00      0.00
0.00      0.87      0.00      0.13
0.00      0.05      0.01      0.94
0.01      0.84      0.16      0.00
0.00      1.00      0.00      0.00
0.00      1.00      0.00      0.00
0.00      1.00      0.00      0.00
0.00      1.00      0.00      0.00
0.00      1.00      0.00      0.00
Fichier sx126 (langue : English)
Moyenne :
0.00      0.60      0.01      0.39-------------------------------------------------------

Fichier sx279 (langue : English)
Arabe     Anglais   Francais  Allemand  
0.00      0.05      0.95      0.00
0.00      0.63      0.31      0.06
0.00      0.00      1.00      0.00
0.00      0.61      0.34      0.05
0.57      0.40      0.03      0.00
0.00      0.97      0.00      0.03
0.00      0.06      0.89      0.05
0.00      0.97      0.02      0.00
0.00      1.00      0.00      0.00
0.00      1.00      0.00      0.00
0.00      1.00      0.00      0.00
0.00      0.88      0.00      0.12
0.00      0.00      0.00      1.00
0.00      0.32      0.30      0.38
0.00      0.00      0.00      1.00
0.00      0.91      0.01      0.08
0.00      1.00      0.00      0.00
0.00      1.00      0.00      0.00
0.00      1.00      0.00      0.00
0.00      0.99      0.00      0.00
0.00      1.00      0.00      0.00
0.00      1.00      0.00      0.00
0.00      1.00      0.00      0.00
0.00      1.00      0.00      0.00
0.00      1.00      0.00      0.00
0.00      1.00      0.00      0.00
0.00      1.00      0.00      0.00
Fichier sx279 (langue : English)
Moyenne :
0.02      0.73      0.14      0.10-------------------------------------------------------

Fichier sx34 (langue : English)
Arabe     Anglais   Francais  Allemand  
0.00      1.00      0.00      0.00
0.00      0.00      0.00      1.00
0.00      0.00      0.00      1.00
0.00      0.00      0.00      1.00
0.00      1.00      0.00      0.00
0.00      0.00      0.00      1.00
0.00      0.00      0.00      1.00
0.00      0.93      0.00      0.07
0.00      1.00      0.00      0.00
0.00      0.01      0.00      0.99
0.00      0.05      0.00      0.95
0.00      0.98      0.00      0.02
0.00      0.99      0.00      0.01
0.00      1.00      0.00      0.00
0.00      1.00      0.00      0.00
0.00      1.00      0.00      0.00
0.00      1.00      0.00      0.00
0.00      1.00      0.00      0.00
0.00      1.00      0.00      0.00
0.00      0.26      0.00      0.74
0.00      0.91      0.00      0.09
0.00      0.41      0.00      0.59
0.00      0.96      0.00      0.04
0.00      1.00      0.00      0.00
0.00      0.69      0.30      0.01
0.00      1.00      0.00      0.00
0.00      1.00      0.00      0.00
0.00      1.00      0.00      0.00
0.00      1.00      0.00      0.00
0.00      1.00      0.00      0.00
0.00      1.00      0.00      0.00
0.00      1.00      0.00      0.00
0.00      1.00      0.00      0.00
0.00      1.00      0.00      0.00
0.00      1.00      0.00      0.00
0.00      1.00      0.00      0.00
0.00      1.00      0.00      0.00
0.00      1.00      0.00      0.00
Fichier sx34 (langue : English)
Moyenne :
0.00      0.77      0.01      0.22-------------------------------------------------------

Fichier sx184 (langue : English)
Arabe     Anglais   Francais  Allemand  
0.00      1.00      0.00      0.00
0.00      1.00      0.00      0.00
0.00      1.00      0.00      0.00
0.00      1.00      0.00      0.00
0.00      0.00      0.00      1.00
0.00      1.00      0.00      0.00
0.00      1.00      0.00      0.00
0.00      1.00      0.00      0.00
0.00      0.99      0.00      0.01
0.00      1.00      0.00      0.00
0.00      1.00      0.00      0.00
0.00      1.00      0.00      0.00
0.00      0.31      0.00      0.69
0.00      0.00      0.01      0.99
0.00      1.00      0.00      0.00
0.00      1.00      0.00      0.00
0.00      1.00      0.00      0.00
0.00      1.00      0.00      0.00
0.00      0.91      0.00      0.09
0.00      1.00      0.00      0.00
0.00      1.00      0.00      0.00
0.00      1.00      0.00      0.00
0.00      1.00      0.00      0.00
0.00      1.00      0.00      0.00
0.00      0.00      0.00      1.00
0.00      1.00      0.00      0.00
Fichier sx184 (langue : English)
Moyenne :
0.00      0.85      0.00      0.15-------------------------------------------------------

Fichier sx364 (langue : English)
Arabe     Anglais   Francais  Allemand  
0.00      1.00      0.00      0.00
0.00      0.04      0.65      0.32
0.00      0.23      0.77      0.01
0.00      0.51      0.00      0.49
0.00      1.00      0.00      0.00
0.00      1.00      0.00      0.00
0.00      0.97      0.00      0.02
0.00      0.49      0.00      0.51
0.00      1.00      0.00      0.00
0.00      1.00      0.00      0.00
0.00      1.00      0.00      0.00
0.00      1.00      0.00      0.00
0.00      1.00      0.00      0.00
0.00      0.08      0.00      0.92
0.00      1.00      0.00      0.00
0.00      1.00      0.00      0.00
0.00      0.99      0.00      0.01
0.00      0.23      0.39      0.38
0.00      0.04      0.00      0.96
0.00      0.19      0.00      0.81
0.00      0.99      0.00      0.01
0.00      0.01      0.00      0.99
0.00      0.00      0.00      1.00
0.00      0.00      0.00      1.00
0.00      0.10      0.08      0.83
0.00      0.03      0.00      0.97
0.00      0.00      0.00      1.00
0.00      0.04      0.00      0.96
0.00      0.00      0.00      1.00
0.00      0.00      0.00      1.00
0.00      0.00      0.00      1.00
0.00      1.00      0.00      0.00
0.00      1.00      0.00      0.00
0.00      1.00      0.00      0.00
0.00      0.97      0.00      0.03
0.00      0.34      0.00      0.66
0.00      1.00      0.00      0.00
0.00      0.99      0.00      0.00
0.00      1.00      0.00      0.00
0.00      0.99      0.01      0.00
0.00      1.00      0.00      0.00
0.00      1.00      0.00      0.00
0.00      1.00      0.00      0.00
0.00      0.97      0.00      0.03
0.00      1.00      0.00      0.00
0.00      0.17      0.00      0.83
0.00      0.00      0.00      1.00
0.00      0.00      0.00      1.00
0.00      0.00      0.00      1.00
0.00      0.00      0.00      1.00
0.00      1.00      0.00      0.00
0.00      1.00      0.00      0.00
0.00      1.00      0.00      0.00
0.00      1.00      0.00      0.00
0.00      1.00      0.00      0.00
Fichier sx364 (langue : English)
Moyenne :
0.00      0.61      0.03      0.36-------------------------------------------------------

Fichier sx319 (langue : English)
Arabe     Anglais   Francais  Allemand  
0.00      1.00      0.00      0.00
0.00      0.00      0.00      1.00
0.00      0.00      0.30      0.70
0.00      0.19      0.73      0.08
0.00      0.27      0.00      0.72
0.00      0.00      0.00      1.00
0.00      0.00      0.04      0.96
0.00      0.40      0.00      0.60
0.00      0.98      0.00      0.02
0.00      0.99      0.00      0.00
0.00      0.99      0.01      0.00
0.00      0.98      0.01      0.01
0.00      0.00      0.98      0.02
0.00      0.00      0.88      0.12
0.00      0.00      0.39      0.61
0.00      0.00      0.00      1.00
0.00      1.00      0.00      0.00
0.00      0.06      0.00      0.94
0.00      0.89      0.11      0.01
0.00      1.00      0.00      0.00
0.00      1.00      0.00      0.00
0.00      1.00      0.00      0.00
Fichier sx319 (langue : English)
Moyenne :
0.00      0.49      0.16      0.35-------------------------------------------------------

Fichier sx115 (langue : English)
Arabe     Anglais   Francais  Allemand  
0.00      1.00      0.00      0.00
1.00      0.00      0.00      0.00
0.18      0.80      0.02      0.00
0.05      0.03      0.90      0.01
0.00      0.95      0.01      0.04
0.00      0.96      0.03      0.01
0.00      1.00      0.00      0.00
0.00      0.01      0.00      0.99
0.00      0.00      0.00      1.00
0.00      1.00      0.00      0.00
0.00      0.00      0.00      1.00
0.10      0.89      0.02      0.00
0.00      0.00      0.00      1.00
0.09      0.23      0.55      0.12
0.00      0.98      0.00      0.02
0.00      0.00      0.00      1.00
0.00      0.62      0.07      0.30
0.00      1.00      0.00      0.00
0.00      0.96      0.01      0.03
0.00      1.00      0.00      0.00
0.00      1.00      0.00      0.00
0.00      0.96      0.03      0.00
Fichier sx115 (langue : English)
Moyenne :
0.07      0.61      0.07      0.25-------------------------------------------------------

Fichier sx194 (langue : English)
Arabe     Anglais   Francais  Allemand  
0.01      0.51      0.48      0.01
0.00      0.00      0.68      0.32
0.00      0.49      0.39      0.12
0.00      0.22      0.16      0.62
0.00      0.67      0.17      0.16
0.01      0.99      0.00      0.00
0.00      1.00      0.00      0.00
0.00      0.99      0.00      0.01
0.00      0.00      0.00      1.00
0.00      0.00      0.00      1.00
0.00      0.00      0.43      0.57
0.00      0.00      0.00      1.00
0.00      0.00      1.00      0.00
0.00      1.00      0.00      0.00
Fichier sx194 (langue : English)
Moyenne :
0.00      0.42      0.24      0.34-------------------------------------------------------

Fichier sx43 (langue : English)
Arabe     Anglais   Francais  Allemand  
0.00      0.00      0.00      1.00
0.00      0.26      0.35      0.39
0.00      0.69      0.26      0.05
0.00      0.81      0.00      0.19
0.00      0.00      0.00      1.00
0.00      0.01      0.85      0.15
0.00      0.00      0.00      1.00
0.00      0.00      0.00      1.00
0.00      0.00      0.00      1.00
0.00      1.00      0.00      0.00
0.00      1.00      0.00      0.00
0.00      1.00      0.00      0.00
0.00      1.00      0.00      0.00
0.00      1.00      0.00      0.00
0.00      0.50      0.50      0.00
0.00      0.02      0.96      0.02
0.00      0.00      0.99      0.00
0.01      0.00      0.97      0.02
0.00      0.91      0.01      0.09
0.00      0.00      0.00      1.00
0.00      0.00      0.00      1.00
0.00      1.00      0.00      0.00
Fichier sx43 (langue : English)
Moyenne :
0.00      0.42      0.22      0.36-------------------------------------------------------

Fichier sx214 (langue : English)
Arabe     Anglais   Francais  Allemand  
0.00      1.00      0.00      0.00
0.00      1.00      0.00      0.00
0.00      0.98      0.01      0.00
0.00      0.99      0.00      0.00
0.00      0.00      0.98      0.01
0.00      1.00      0.00      0.00
0.00      0.99      0.00      0.01
0.00      1.00      0.00      0.00
0.00      1.00      0.00      0.00
0.00      0.99      0.00      0.00
0.00      0.90      0.01      0.09
0.00      0.31      0.00      0.69
0.00      0.06      0.53      0.40
0.00      0.78      0.19      0.02
0.00      0.94      0.02      0.04
0.00      0.99      0.01      0.00
0.00      0.96      0.01      0.03
0.00      0.57      0.00      0.43
0.00      0.92      0.01      0.08
0.00      0.99      0.01      0.00
0.00      0.99      0.00      0.01
0.00      0.35      0.00      0.65
0.00      0.00      0.00      1.00
0.00      1.00      0.00      0.00
0.00      0.00      0.00      1.00
0.00      0.00      0.99      0.01
0.00      0.05      0.91      0.03
0.00      0.00      0.99      0.01
0.00      0.98      0.00      0.01
0.00      0.68      0.14      0.18
0.00      1.00      0.00      0.00
0.00      1.00      0.00      0.00
0.00      0.99      0.01      0.00
0.00      1.00      0.00      0.00
0.00      0.97      0.01      0.02
0.01      0.54      0.44      0.01
0.00      0.06      0.92      0.02
0.00      0.02      0.97      0.01
0.00      0.85      0.10      0.04
0.00      0.00      0.00      1.00
0.00      0.00      0.00      1.00
0.00      1.00      0.00      0.00
Fichier sx214 (langue : English)
Moyenne :
0.00      0.66      0.17      0.16-------------------------------------------------------

Fichier sx94 (langue : English)
Arabe     Anglais   Francais  Allemand  
0.00      0.00      0.00      1.00
0.00      0.00      0.00      1.00
0.00      0.00      0.00      1.00
0.00      0.00      0.00      1.00
0.00      0.88      0.00      0.12
0.00      0.01      0.00      0.99
0.00      1.00      0.00      0.00
0.00      0.78      0.00      0.22
0.00      0.00      0.00      1.00
0.00      0.00      0.00      1.00
0.00      1.00      0.00      0.00
0.00      0.61      0.00      0.39
0.00      1.00      0.00      0.00
0.00      1.00      0.00      0.00
0.00      0.65      0.00      0.35
0.00      1.00      0.00      0.00
0.00      1.00      0.00      0.00
0.00      0.96      0.02      0.02
0.00      0.74      0.06      0.20
0.00      0.97      0.00      0.03
0.00      0.05      0.00      0.95
0.00      0.00      0.00      1.00
0.00      0.08      0.88      0.05
0.00      0.01      0.99      0.00
0.00      0.80      0.00      0.20
0.00      1.00      0.00      0.00
0.00      1.00      0.00      0.00
0.00      1.00      0.00      0.00
0.00      1.00      0.00      0.00
Fichier sx94 (langue : English)
Moyenne :
0.00      0.57      0.07      0.36-------------------------------------------------------

Fichier sx14 (langue : English)
Arabe     Anglais   Francais  Allemand  
0.00      0.96      0.04      0.00
0.00      0.32      0.00      0.68
0.00      0.19      0.00      0.81
0.00      0.36      0.01      0.63
0.00      0.05      0.90      0.05
0.00      0.45      0.54      0.00
0.00      0.90      0.08      0.01
0.28      0.12      0.59      0.01
0.00      0.09      0.49      0.42
0.00      1.00      0.00      0.00
0.00      1.00      0.00      0.00
0.00      1.00      0.00      0.00
0.00      1.00      0.00      0.00
0.00      1.00      0.00      0.00
0.00      1.00      0.00      0.00
0.00      1.00      0.00      0.00
0.00      0.63      0.01      0.36
0.00      0.19      0.00      0.81
0.00      0.00      0.00      1.00
0.00      0.20      0.00      0.80
0.00      0.94      0.00      0.06
0.00      0.02      0.02      0.96
0.00      1.00      0.00      0.00
0.00      0.97      0.01      0.02
Fichier sx14 (langue : English)
Moyenne :
0.01      0.60      0.11      0.28-------------------------------------------------------

Fichier sx396 (langue : English)
Arabe     Anglais   Francais  Allemand  
0.00      0.99      0.00      0.01
0.00      0.00      0.00      1.00
0.00      0.16      0.00      0.83
0.00      0.00      0.00      1.00
0.00      0.00      0.00      1.00
0.00      0.00      0.00      1.00
0.00      0.00      0.00      1.00
0.00      0.00      0.00      1.00
0.00      0.12      0.13      0.75
0.00      0.97      0.00      0.03
0.00      0.75      0.00      0.25
0.00      0.99      0.00      0.01
0.00      0.85      0.09      0.06
0.00      0.97      0.00      0.03
0.00      0.00      0.00      1.00
0.00      0.00      0.00      1.00
0.00      0.00      0.00      1.00
0.00      1.00      0.00      0.00
0.00      0.98      0.01      0.01
0.00      1.00      0.00      0.00
0.00      1.00      0.00      0.00
0.00      1.00      0.00      0.00
0.00      1.00      0.00      0.00
0.00      0.98      0.00      0.02
0.00      0.05      0.00      0.95
0.00      0.96      0.02      0.01
0.00      0.98      0.01      0.01
0.00      0.99      0.00      0.01
0.00      0.10      0.00      0.90
0.00      0.87      0.00      0.13
0.00      1.00      0.00      0.00
0.00      1.00      0.00      0.00
0.00      0.00      0.00      1.00
0.00      1.00      0.00      0.00
0.00      1.00      0.00      0.00
Fichier sx396 (langue : English)
Moyenne :
0.00      0.59      0.01      0.40-------------------------------------------------------

Fichier sx113 (langue : English)
Arabe     Anglais   Francais  Allemand  
0.00      1.00      0.00      0.00
0.00      0.99      0.01      0.00
0.01      0.59      0.36      0.03
0.00      0.00      1.00      0.00
0.00      0.02      0.96      0.02
0.01      0.85      0.13      0.00
0.00      0.96      0.00      0.03
0.00      0.99      0.00      0.00
0.00      0.99      0.01      0.00
0.01      0.00      0.04      0.96
0.00      0.00      0.17      0.83
0.00      0.00      1.00      0.00
0.00      1.00      0.00      0.00
0.00      0.99      0.01      0.00
0.00      1.00      0.00      0.00
0.00      1.00      0.00      0.00
1.00      0.00      0.00      0.00
0.90      0.00      0.10      0.00
0.00      0.00      0.00      1.00
0.00      0.00      0.00      1.00
0.00      0.00      0.00      1.00
0.00      0.15      0.00      0.85
0.00      0.69      0.31      0.00
0.00      0.00      0.98      0.02
0.00      0.15      0.76      0.08
1.00      0.00      0.00      0.00
0.00      1.00      0.00      0.00
0.00      1.00      0.00      0.00
0.00      1.00      0.00      0.00
0.00      0.00      1.00      0.00
0.00      1.00      0.00      0.00
Fichier sx113 (langue : English)
Moyenne :
0.09      0.50      0.22      0.19-------------------------------------------------------

Fichier sx223 (langue : English)
Arabe     Anglais   Francais  Allemand  
0.00      0.00      1.00      0.00
0.00      0.00      1.00      0.00
0.00      0.00      1.00      0.00
0.00      1.00      0.00      0.00
0.00      0.00      1.00      0.00
0.00      1.00      0.00      0.00
0.00      0.00      0.00      1.00
0.00      0.00      0.00      1.00
0.00      0.00      0.00      1.00
0.00      0.00      0.00      1.00
0.00      0.00      0.00      1.00
0.00      1.00      0.00      0.00
0.00      0.00      0.00      1.00
0.00      0.00      0.00      1.00
0.00      0.00      0.00      1.00
0.00      1.00      0.00      0.00
0.00      0.18      0.00      0.82
0.00      1.00      0.00      0.00
0.00      1.00      0.00      0.00
0.00      0.99      0.00      0.01
0.00      1.00      0.00      0.00
0.00      1.00      0.00      0.00
0.00      1.00      0.00      0.00
0.00      1.00      0.00      0.00
0.00      1.00      0.00      0.00
0.00      0.80      0.00      0.20
0.00      0.73      0.00      0.27
0.00      1.00      0.00      0.00
Fichier sx223 (langue : English)
Moyenne :
0.00      0.53      0.14      0.33-------------------------------------------------------

Fichier sx189 (langue : English)
Arabe     Anglais   Francais  Allemand  
0.00      1.00      0.00      0.00
0.00      1.00      0.00      0.00
0.00      0.97      0.03      0.00
0.00      0.08      0.00      0.92
0.00      1.00      0.00      0.00
0.00      0.99      0.00      0.00
0.00      1.00      0.00      0.00
0.00      1.00      0.00      0.00
0.00      0.98      0.00      0.02
0.00      0.98      0.02      0.01
0.00      0.99      0.01      0.00
0.00      1.00      0.00      0.00
0.00      0.09      0.00      0.91
0.00      0.98      0.00      0.02
0.00      0.76      0.09      0.15
0.01      0.83      0.16      0.00
0.00      0.00      0.00      1.00
0.00      0.16      0.50      0.34
0.00      0.24      0.72      0.04
0.00      1.00      0.00      0.00
Fichier sx189 (langue : English)
Moyenne :
0.00      0.75      0.08      0.17-------------------------------------------------------

Fichier sx200 (langue : English)
Arabe     Anglais   Francais  Allemand  
0.35      0.65      0.00      0.00
0.00      0.62      0.00      0.38
0.00      0.26      0.00      0.74
0.00      0.00      0.05      0.95
0.00      0.00      0.00      1.00
0.00      0.00      0.00      1.00
0.00      0.99      0.00      0.01
0.00      0.35      0.01      0.64
0.00      0.76      0.21      0.02
0.00      0.00      0.46      0.54
0.00      0.00      0.00      1.00
0.00      0.00      0.00      1.00
0.00      0.00      0.00      0.99
0.00      0.98      0.02      0.01
0.00      0.88      0.03      0.10
0.00      0.00      0.64      0.36
0.00      0.00      0.00      1.00
0.00      1.00      0.00      0.00
0.00      1.00      0.00      0.00
0.00      1.00      0.00      0.00
0.00      1.00      0.00      0.00
0.00      1.00      0.00      0.00
0.00      1.00      0.00      0.00
Fichier sx200 (langue : English)
Moyenne :
0.02      0.50      0.06      0.42-------------------------------------------------------

Fichier sx36 (langue : English)
Arabe     Anglais   Francais  Allemand  
0.00      1.00      0.00      0.00
0.00      0.49      0.00      0.51
0.00      0.10      0.00      0.90
0.00      0.12      0.86      0.02
0.00      0.02      0.00      0.98
0.00      0.71      0.00      0.29
0.00      0.87      0.10      0.02
0.00      0.37      0.22      0.41
0.01      0.20      0.79      0.01
0.00      0.21      0.76      0.03
0.00      0.99      0.00      0.01
0.00      0.00      0.00      1.00
0.00      0.00      0.00      1.00
0.00      0.07      0.00      0.93
0.00      0.90      0.00      0.10
0.00      0.98      0.00      0.02
0.00      1.00      0.00      0.00
0.00      0.96      0.03      0.00
0.00      0.97      0.00      0.03
0.00      0.14      0.01      0.86
0.00      0.09      0.84      0.06
0.00      0.45      0.00      0.55
0.00      0.04      0.00      0.96
0.00      1.00      0.00      0.00
0.00      0.79      0.11      0.09
0.00      0.00      0.00      1.00
0.00      0.00      0.00      1.00
0.00      0.99      0.00      0.01
0.00      1.00      0.00      0.00
0.00      0.97      0.03      0.00
0.00      0.94      0.06      0.00
0.00      1.00      0.00      0.00
Fichier sx36 (langue : English)
Moyenne :
0.00      0.54      0.12      0.34-------------------------------------------------------

Fichier sx104 (langue : English)
Arabe     Anglais   Francais  Allemand  
0.00      0.93      0.07      0.00
0.00      0.75      0.24      0.01
0.00      0.98      0.02      0.00
0.01      0.69      0.29      0.01
0.05      0.58      0.37      0.01
0.00      0.99      0.00      0.01
0.00      1.00      0.00      0.00
0.00      0.99      0.00      0.00
0.00      0.99      0.00      0.01
0.00      0.98      0.01      0.00
0.00      0.72      0.12      0.16
0.00      0.88      0.11      0.02
0.00      1.00      0.00      0.00
0.00      0.98      0.02      0.00
Fichier sx104 (langue : English)
Moyenne :
0.00      0.89      0.09      0.02-------------------------------------------------------

Fichier sx25 (langue : English)
Arabe     Anglais   Francais  Allemand  
0.00      1.00      0.00      0.00
0.00      0.98      0.01      0.01
0.00      0.98      0.02      0.00
0.01      0.98      0.01      0.00
0.00      1.00      0.00      0.00
0.00      1.00      0.00      0.00
0.00      0.98      0.02      0.00
0.00      1.00      0.00      0.00
0.00      1.00      0.00      0.00
0.00      1.00      0.00      0.00
0.00      1.00      0.00      0.00
0.00      0.12      0.06      0.83
0.00      0.63      0.00      0.36
0.00      1.00      0.00      0.00
0.00      0.99      0.01      0.00
0.40      0.59      0.01      0.00
0.00      1.00      0.00      0.00
0.00      1.00      0.00      0.00
0.00      1.00      0.00      0.00
Fichier sx25 (langue : English)
Moyenne :
0.02      0.91      0.01      0.06-------------------------------------------------------

Fichier sx124 (langue : English)
Arabe     Anglais   Francais  Allemand  
0.00      1.00      0.00      0.00
0.00      0.00      0.00      1.00
0.00      0.00      0.00      1.00
0.00      0.00      0.00      1.00
0.00      0.90      0.08      0.02
0.00      1.00      0.00      0.00
0.00      0.73      0.03      0.24
0.00      0.97      0.00      0.02
0.00      0.98      0.02      0.00
0.00      0.00      0.00      1.00
0.00      0.00      0.00      1.00
0.00      0.99      0.00      0.01
0.00      0.95      0.02      0.03
0.00      1.00      0.00      0.00
0.00      1.00      0.00      0.00
0.00      1.00      0.00      0.00
0.53      0.47      0.00      0.00
0.01      0.94      0.03      0.03
0.00      0.00      0.00      1.00
0.00      0.05      0.20      0.75
0.00      0.00      0.00      1.00
0.00      0.00      0.30      0.70
0.00      0.00      0.98      0.02
0.00      0.00      1.00      0.00
0.00      1.00      0.00      0.00
Fichier sx124 (langue : English)
Moyenne :
0.02      0.52      0.11      0.35-------------------------------------------------------

Fichier sx4 (langue : English)
Arabe     Anglais   Francais  Allemand  
0.00      0.01      0.00      0.99
0.00      0.96      0.04      0.01
0.00      1.00      0.00      0.00
0.00      0.80      0.00      0.19
0.00      0.11      0.00      0.89
0.00      1.00      0.00      0.00
0.00      1.00      0.00      0.00
0.00      1.00      0.00      0.00
0.00      1.00      0.00      0.00
0.00      1.00      0.00      0.00
0.01      0.98      0.01      0.00
0.00      0.03      0.00      0.96
0.00      0.32      0.00      0.67
0.00      1.00      0.00      0.00
0.00      0.00      0.03      0.97
0.00      0.00      0.99      0.01
0.00      0.00      1.00      0.00
0.00      1.00      0.00      0.00
0.00      1.00      0.00      0.00
0.00      1.00      0.00      0.00
0.00      1.00      0.00      0.00
0.00      1.00      0.00      0.00
0.00      1.00      0.00      0.00
0.00      0.99      0.00      0.00
0.00      1.00      0.00      0.00
0.00      1.00      0.00      0.00
0.00      1.00      0.00      0.00
Fichier sx4 (langue : English)
Moyenne :
0.00      0.75      0.08      0.17-------------------------------------------------------

Fichier sx369 (langue : English)
Arabe     Anglais   Francais  Allemand  
0.00      1.00      0.00      0.00
0.00      0.03      0.11      0.86
0.00      0.97      0.00      0.03
0.00      1.00      0.00      0.00
0.00      1.00      0.00      0.00
0.00      0.99      0.01      0.00
0.00      0.98      0.02      0.00
0.00      0.99      0.01      0.00
0.00      0.99      0.00      0.00
0.00      0.98      0.02      0.00
0.23      0.72      0.04      0.00
0.00      0.99      0.01      0.00
0.30      0.67      0.03      0.00
0.00      0.99      0.01      0.00
0.00      0.07      0.89      0.03
0.00      0.89      0.11      0.00
Fichier sx369 (langue : English)
Moyenne :
0.03      0.83      0.08      0.06-------------------------------------------------------

Fichier sx49 (langue : English)
Arabe     Anglais   Francais  Allemand  
0.00      0.10      0.00      0.90
0.00      0.17      0.00      0.82
0.00      0.01      0.53      0.46
0.00      0.97      0.02      0.01
0.00      0.01      0.01      0.99
0.00      0.00      0.00      1.00
0.00      0.00      0.81      0.19
0.00      0.00      0.00      1.00
0.00      0.25      0.32      0.44
0.00      0.00      0.10      0.90
0.00      0.00      0.00      1.00
0.00      0.00      1.00      0.00
0.00      0.00      0.00      1.00
0.00      0.02      0.03      0.94
0.00      0.00      0.93      0.07
0.00      0.00      0.00      1.00
0.00      0.00      0.87      0.13
0.00      0.00      0.00      1.00
0.00      0.00      0.00      1.00
Fichier sx49 (langue : English)
Moyenne :
0.00      0.08      0.24      0.68-------------------------------------------------------

Fichier sx274 (langue : English)
Arabe     Anglais   Francais  Allemand  
0.00      1.00      0.00      0.00
0.02      0.02      0.96      0.00
0.00      0.22      0.02      0.76
0.00      0.00      0.00      1.00
0.00      0.00      0.00      1.00
0.00      0.00      0.00      1.00
0.00      0.00      0.00      1.00
0.00      0.04      0.04      0.92
0.00      0.98      0.01      0.01
0.00      1.00      0.00      0.00
0.00      1.00      0.00      0.00
0.00      0.00      0.00      1.00
0.00      0.14      0.00      0.86
0.00      0.83      0.00      0.17
0.00      1.00      0.00      0.00
0.00      1.00      0.00      0.00
0.00      1.00      0.00      0.00
0.00      1.00      0.00      0.00
0.00      1.00      0.00      0.00
0.00      1.00      0.00      0.00
0.00      1.00      0.00      0.00
0.00      1.00      0.00      0.00
0.00      0.00      0.00      1.00
0.00      0.00      0.00      1.00
0.00      0.00      0.00      1.00
0.00      0.00      0.00      1.00
0.00      0.01      0.01      0.99
0.00      0.00      1.00      0.00
0.00      0.03      0.76      0.21
0.00      1.00      0.00      0.00
0.00      1.00      0.00      0.00
0.00      1.00      0.00      0.00
0.00      1.00      0.00      0.00
0.00      1.00      0.00      0.00
0.00      1.00      0.00      0.00
0.00      1.00      0.00      0.00
Fichier sx274 (langue : English)
Moyenne :
0.00      0.56      0.08      0.36-------------------------------------------------------

Fichier sx306 (langue : English)
Arabe     Anglais   Francais  Allemand  
0.00      0.51      0.11      0.38
0.00      0.10      0.00      0.90
0.00      0.23      0.00      0.77
0.00      0.00      0.00      1.00
0.00      0.00      0.00      1.00
0.00      0.73      0.09      0.18
0.00      0.28      0.00      0.72
0.00      1.00      0.00      0.00
0.00      0.96      0.00      0.04
0.00      0.84      0.03      0.13
0.00      0.00      0.00      1.00
0.00      0.00      0.00      1.00
0.00      0.00      0.00      1.00
0.00      0.00      0.00      1.00
0.00      0.37      0.00      0.62
0.00      0.47      0.00      0.53
0.00      0.99      0.00      0.01
0.00      0.98      0.00      0.02
0.00      0.96      0.03      0.01
0.00      0.98      0.02      0.00
0.00      0.96      0.04      0.00
0.02      0.97      0.02      0.00
Fichier sx306 (langue : English)
Moyenne :
0.00      0.51      0.02      0.47-------------------------------------------------------

Fichier sx284 (langue : English)
Arabe     Anglais   Francais  Allemand  
0.00      0.05      0.95      0.00
0.00      0.10      0.80      0.10
0.00      0.01      0.04      0.96
0.00      0.56      0.06      0.37
0.00      0.76      0.00      0.24
1.00      0.00      0.00      0.00
0.00      0.99      0.00      0.01
0.00      0.36      0.00      0.64
0.00      0.02      0.00      0.98
0.00      1.00      0.00      0.00
0.00      0.00      0.00      1.00
0.00      0.00      0.00      1.00
0.00      0.01      0.00      0.99
0.00      0.46      0.00      0.54
0.00      0.78      0.01      0.21
0.00      0.94      0.06      0.01
0.00      0.92      0.08      0.00
0.00      0.96      0.01      0.03
0.00      0.86      0.04      0.10
0.00      0.08      0.03      0.89
0.00      0.69      0.09      0.22
0.00      0.01      0.00      0.99
0.00      0.11      0.13      0.76
0.00      0.00      1.00      0.00
0.00      1.00      0.00      0.00
0.00      1.00      0.00      0.00
0.00      1.00      0.00      0.00
0.00      1.00      0.00      0.00
0.00      0.00      1.00      0.00
0.00      0.84      0.07      0.09
0.00      0.99      0.01      0.00
Fichier sx284 (langue : English)
Moyenne :
0.03      0.50      0.14      0.33-------------------------------------------------------

Fichier sx23 (langue : English)
Arabe     Anglais   Francais  Allemand  
0.00      1.00      0.00      0.00
0.00      0.00      0.97      0.03
0.00      0.00      0.98      0.02
0.00      0.85      0.09      0.07
0.00      0.00      0.99      0.01
0.00      0.99      0.00      0.01
0.00      0.42      0.57      0.01
0.00      0.70      0.22      0.08
0.00      0.44      0.26      0.30
0.00      0.00      0.00      1.00
0.00      0.00      0.39      0.61
0.00      1.00      0.00      0.00
0.00      1.00      0.00      0.00
0.00      1.00      0.00      0.00
0.00      0.99      0.01      0.00
0.00      0.99      0.01      0.00
0.00      0.99      0.01      0.00
0.00      0.77      0.06      0.16
0.00      0.13      0.00      0.87
0.00      1.00      0.00      0.00
0.00      1.00      0.00      0.00
0.00      1.00      0.00      0.00
0.00      0.00      0.00      0.99
0.00      0.00      0.99      0.01
0.00      0.64      0.23      0.13
0.00      0.04      0.06      0.89
0.00      0.00      0.02      0.98
0.00      0.00      1.00      0.00
0.00      0.98      0.02      0.00
Fichier sx23 (langue : English)
Moyenne :
0.00      0.55      0.24      0.21-------------------------------------------------------

Fichier sx99 (langue : English)
Arabe     Anglais   Francais  Allemand  
0.00      0.99      0.01      0.00
0.00      0.99      0.01      0.00
0.00      0.96      0.04      0.00
0.00      0.97      0.02      0.01
0.00      0.51      0.49      0.00
0.00      0.31      0.67      0.02
0.00      0.99      0.01      0.00
0.00      0.98      0.01      0.00
0.00      0.99      0.00      0.00
0.00      0.12      0.00      0.87
0.00      0.65      0.02      0.32
0.00      0.18      0.74      0.07
0.00      0.45      0.21      0.34
0.00      0.00      0.01      0.99
0.00      0.58      0.37      0.05
0.00      0.98      0.02      0.00
0.00      0.91      0.06      0.03
0.00      0.99      0.01      0.00
0.00      1.00      0.00      0.00
0.00      1.00      0.00      0.00
0.00      1.00      0.00      0.00
0.00      0.95      0.05      0.00
Fichier sx99 (langue : English)
Moyenne :
0.00      0.75      0.13      0.12-------------------------------------------------------

Fichier sx205 (langue : English)
Arabe     Anglais   Francais  Allemand  
0.00      0.99      0.01      0.00
0.01      0.64      0.34      0.01
0.00      1.00      0.00      0.00
0.00      1.00      0.00      0.00
0.17      0.80      0.04      0.00
0.00      0.00      0.05      0.95
0.00      0.62      0.01      0.37
0.00      0.04      0.00      0.96
0.00      0.99      0.00      0.01
0.00      0.98      0.01      0.00
0.00      1.00      0.00      0.00
0.00      1.00      0.00      0.00
0.00      1.00      0.00      0.00
0.00      0.79      0.18      0.03
0.00      0.93      0.01      0.06
0.00      0.08      0.00      0.92
0.00      0.00      0.75      0.25
0.00      0.87      0.13      0.00
0.00      0.74      0.26      0.00
0.00      0.92      0.08      0.01
0.00      0.90      0.06      0.04
0.00      0.10      0.00      0.90
0.00      0.99      0.01      0.00
0.00      0.99      0.01      0.00
0.00      1.00      0.00      0.00
0.00      0.89      0.01      0.10
0.00      1.00      0.00      0.00
0.00      1.00      0.00      0.00
Fichier sx205 (langue : English)
Moyenne :
0.01      0.76      0.07      0.16-------------------------------------------------------

Fichier sx403 (langue : English)
Arabe     Anglais   Francais  Allemand  
0.00      1.00      0.00      0.00
0.00      1.00      0.00      0.00
0.00      1.00      0.00      0.00
0.00      1.00      0.00      0.00
0.00      1.00      0.00      0.00
0.00      1.00      0.00      0.00
0.00      0.00      0.00      1.00
0.00      0.00      0.00      1.00
0.00      0.00      0.00      1.00
0.00      0.09      0.01      0.90
0.00      0.00      0.00      1.00
0.00      0.00      0.99      0.01
0.00      0.00      0.99      0.01
0.00      0.98      0.02      0.01
0.00      0.00      0.00      1.00
0.00      0.48      0.00      0.52
0.00      1.00      0.00      0.00
0.00      1.00      0.00      0.00
0.00      0.02      0.28      0.70
0.00      0.98      0.00      0.02
0.00      1.00      0.00      0.00
0.00      1.00      0.00      0.00
0.00      0.97      0.00      0.03
0.00      0.01      0.00      0.99
0.00      1.00      0.00      0.00
0.00      0.00      0.00      1.00
0.00      0.70      0.01      0.29
0.00      0.59      0.00      0.41
0.00      0.00      1.00      0.00
0.00      0.89      0.11      0.00
0.00      0.41      0.23      0.36
Fichier sx403 (langue : English)
Moyenne :
0.00      0.55      0.12      0.33-------------------------------------------------------

Fichier sx383 (langue : English)
Arabe     Anglais   Francais  Allemand  
0.00      1.00      0.00      0.00
0.00      1.00      0.00      0.00
0.00      0.58      0.06      0.36
0.00      1.00      0.00      0.00
0.00      1.00      0.00      0.00
0.00      1.00      0.00      0.00
0.00      1.00      0.00      0.00
0.00      1.00      0.00      0.00
0.00      0.18      0.82      0.00
0.00      0.99      0.01      0.00
0.00      1.00      0.00      0.00
0.00      0.88      0.11      0.00
0.00      0.05      0.95      0.00
0.00      0.99      0.01      0.00
0.00      0.54      0.10      0.36
0.00      0.00      1.00      0.00
0.00      0.00      0.98      0.02
0.00      0.96      0.04      0.00
0.00      0.04      0.96      0.00
0.00      0.82      0.18      0.00
0.00      0.99      0.00      0.00
0.00      1.00      0.00      0.00
0.00      1.00      0.00      0.00
0.18      0.14      0.68      0.00
0.99      0.01      0.00      0.00
0.00      0.89      0.10      0.01
0.00      1.00      0.00      0.00
0.00      0.45      0.00      0.55
0.00      0.00      0.00      1.00
0.00      1.00      0.00      0.00
0.00      0.95      0.00      0.05
0.00      1.00      0.00      0.00
0.00      0.00      1.00      0.00
0.00      0.00      1.00      0.00
0.00      1.00      0.00      0.00
0.00      1.00      0.00      0.00
Fichier sx383 (langue : English)
Moyenne :
0.03      0.68      0.22      0.07-------------------------------------------------------

Fichier sx216 (langue : English)
Arabe     Anglais   Francais  Allemand  
0.00      0.98      0.01      0.01
0.00      0.00      0.00      1.00
0.00      0.63      0.00      0.37
0.00      0.00      0.00      1.00
0.00      0.00      1.00      0.00
0.00      0.12      0.63      0.25
0.00      0.00      0.00      1.00
0.00      0.00      0.03      0.97
0.00      0.02      0.00      0.98
0.00      0.32      0.00      0.68
0.00      0.04      0.00      0.96
0.03      0.94      0.04      0.00
0.00      0.98      0.01      0.00
0.00      0.98      0.01      0.00
0.00      0.99      0.00      0.00
0.00      0.99      0.01      0.00
0.00      0.00      0.00      1.00
0.00      0.92      0.00      0.08
0.01      0.68      0.30      0.01
Fichier sx216 (langue : English)
Moyenne :
0.00      0.45      0.11      0.44-------------------------------------------------------

Fichier sx374 (langue : English)
Arabe     Anglais   Francais  Allemand  
0.00      1.00      0.00      0.00
0.00      0.99      0.00      0.00
0.00      0.98      0.01      0.00
0.00      0.99      0.00      0.01
0.00      0.97      0.03      0.00
0.00      0.59      0.39      0.02
0.00      0.02      0.97      0.00
0.00      0.01      0.88      0.11
0.00      0.00      0.00      1.00
0.00      0.16      0.12      0.71
0.00      0.00      0.00      1.00
0.00      0.51      0.02      0.47
0.00      0.61      0.12      0.27
0.00      0.99      0.00      0.01
0.00      0.99      0.00      0.00
Fichier sx374 (langue : English)
Moyenne :
0.00      0.59      0.17      0.24-------------------------------------------------------

Fichier 2SR05_FFWC1_520 (langue : French)
Arabe     Anglais   Francais  Allemand  
0.00      1.00      0.00      0.00
0.00      1.00      0.00      0.00
0.00      1.00      0.00      0.00
0.00      1.00      0.00      0.00
0.00      0.98      0.02      0.00
0.00      0.95      0.02      0.03
0.00      0.00      0.00      1.00
0.00      0.00      0.00      1.00
0.00      0.00      0.00      1.00
0.00      0.00      0.70      0.30
0.00      0.00      1.00      0.00
0.00      0.00      1.00      0.00
0.00      0.00      0.00      1.00
0.00      0.00      0.00      1.00
0.00      0.00      0.00      1.00
0.00      0.00      0.00      1.00
0.00      1.00      0.00      0.00
Fichier 2SR05_FFWC1_520 (langue : French)
Moyenne :
0.00      0.41      0.16      0.43-------------------------------------------------------

Fichier 2SR11_FFGB1_521 (langue : French)
Arabe     Anglais   Francais  Allemand  
0.00      0.92      0.08      0.00
0.00      1.00      0.00      0.00
0.00      1.00      0.00      0.00
0.00      1.00      0.00      0.00
0.00      1.00      0.00      0.00
0.00      1.00      0.00      0.00
0.00      1.00      0.00      0.00
0.00      0.00      0.86      0.13
0.00      0.00      0.90      0.10
0.00      0.00      0.18      0.82
0.00      0.00      0.00      1.00
0.00      0.00      0.00      1.00
0.00      0.00      0.00      1.00
0.00      0.00      0.00      1.00
0.00      0.00      0.09      0.91
0.00      0.00      0.84      0.16
0.00      0.00      0.00      1.00
0.00      0.00      0.00      1.00
0.00      0.00      0.00      1.00
0.00      0.00      0.00      1.00
0.00      0.01      0.99      0.00
0.00      0.00      0.00      1.00
0.00      0.00      0.00      1.00
0.00      0.00      0.00      1.00
0.00      1.00      0.00      0.00
0.00      1.00      0.00      0.00
0.00      1.00      0.00      0.00
0.00      0.03      0.97      0.00
0.00      0.98      0.02      0.00
Fichier 2SR11_FFGB1_521 (langue : French)
Moyenne :
0.00      0.38      0.17      0.45-------------------------------------------------------

Fichier 2SR07_FFMB2_540 (langue : French)
Arabe     Anglais   Francais  Allemand  
0.00      1.00      0.00      0.00
0.00      1.00      0.00      0.00
0.00      1.00      0.00      0.00
0.00      0.17      0.83      0.00
0.00      1.00      0.00      0.00
0.00      0.00      1.00      0.00
0.00      1.00      0.00      0.00
0.00      1.00      0.00      0.00
0.00      1.00      0.00      0.00
0.00      1.00      0.00      0.00
0.00      0.00      0.00      1.00
0.00      0.00      0.00      1.00
0.00      0.00      0.00      1.00
0.00      0.00      0.00      1.00
0.00      0.07      0.71      0.22
0.00      0.00      1.00      0.00
0.00      0.00      0.00      1.00
0.00      0.00      0.00      1.00
0.00      0.00      0.00      1.00
0.00      0.00      0.00      1.00
0.00      0.00      0.00      1.00
0.00      0.00      0.00      1.00
0.00      0.00      0.00      1.00
0.00      0.00      0.00      1.00
0.00      0.00      0.00      1.00
0.00      0.00      0.00      1.00
0.00      1.00      0.00      0.00
Fichier 2SR07_FFMB2_540 (langue : French)
Moyenne :
0.00      0.34      0.13      0.53-------------------------------------------------------

Fichier 2SR08_FFGA2_555 (langue : French)
Arabe     Anglais   Francais  Allemand  
0.00      1.00      0.00      0.00
0.00      1.00      0.00      0.00
0.00      1.00      0.00      0.00
0.00      1.00      0.00      0.00
0.00      1.00      0.00      0.00
0.00      1.00      0.00      0.00
0.00      1.00      0.00      0.00
0.00      0.87      0.00      0.13
0.00      0.14      0.00      0.86
0.00      0.21      0.77      0.02
0.01      0.80      0.19      0.01
0.00      0.71      0.29      0.01
0.00      0.01      0.09      0.90
0.00      0.00      0.00      1.00
0.00      0.00      0.00      1.00
0.00      0.97      0.02      0.01
0.00      0.99      0.00      0.01
0.00      1.00      0.00      0.00
0.00      1.00      0.00      0.00
0.00      0.96      0.03      0.00
0.00      0.69      0.00      0.31
0.00      0.98      0.01      0.01
0.00      0.91      0.00      0.08
0.00      0.94      0.00      0.06
0.00      0.98      0.00      0.02
0.00      0.68      0.00      0.32
0.00      0.92      0.06      0.02
0.00      0.94      0.00      0.06
0.00      0.99      0.01      0.00
0.01      0.98      0.01      0.00
0.00      0.98      0.01      0.00
0.02      0.98      0.00      0.00
Fichier 2SR08_FFGA2_555 (langue : French)
Moyenne :
0.00      0.80      0.05      0.15-------------------------------------------------------

Fichier 2SR09_FFWB1_533 (langue : French)
Arabe     Anglais   Francais  Allemand  
0.00      1.00      0.00      0.00
0.00      1.00      0.00      0.00
0.00      1.00      0.00      0.00
0.00      1.00      0.00      0.00
0.00      1.00      0.00      0.00
0.00      1.00      0.00      0.00
0.00      1.00      0.00      0.00
0.00      1.00      0.00      0.00
0.00      1.00      0.00      0.00
0.00      1.00      0.00      0.00
0.00      1.00      0.00      0.00
0.00      1.00      0.00      0.00
0.00      0.99      0.01      0.00
0.00      0.00      0.34      0.66
0.00      0.00      0.00      1.00
0.00      0.00      0.00      1.00
0.00      0.86      0.00      0.14
0.00      0.62      0.00      0.38
0.00      0.00      0.00      1.00
0.00      0.00      0.00      1.00
0.00      0.00      0.00      1.00
0.00      0.00      0.00      1.00
0.00      0.00      0.00      1.00
0.00      0.00      0.89      0.11
0.00      0.00      0.81      0.19
0.00      0.35      0.64      0.00
0.00      0.02      0.00      0.98
0.00      0.00      0.00      1.00
0.00      0.00      0.00      1.00
0.00      0.00      0.00      1.00
0.00      1.00      0.00      0.00
0.00      1.00      0.00      0.00
0.00      0.77      0.23      0.00
0.00      1.00      0.00      0.00
0.00      1.00      0.00      0.00
0.00      1.00      0.00      0.00
Fichier 2SR09_FFWB1_533 (langue : French)
Moyenne :
0.00      0.57      0.08      0.35-------------------------------------------------------

Fichier 2SR10_FFBA2_552 (langue : French)
Arabe     Anglais   Francais  Allemand  
0.00      1.00      0.00      0.00
0.00      1.00      0.00      0.00
0.00      1.00      0.00      0.00
0.00      0.00      0.00      1.00
0.00      0.09      0.00      0.91
0.00      0.00      0.00      1.00
0.00      0.00      0.00      1.00
0.00      0.00      0.01      0.99
0.00      0.00      0.00      1.00
0.00      0.02      0.00      0.98
0.00      0.26      0.01      0.73
0.00      0.18      0.00      0.82
0.00      0.09      0.00      0.91
0.00      0.75      0.12      0.13
0.00      0.41      0.26      0.34
0.00      0.00      0.99      0.01
Fichier 2SR10_FFBA2_552 (langue : French)
Moyenne :
0.00      0.30      0.09      0.61-------------------------------------------------------

Fichier 2SR06_FFMC1_515 (langue : French)
Arabe     Anglais   Francais  Allemand  
0.00      1.00      0.00      0.00
0.00      1.00      0.00      0.00
0.00      1.00      0.00      0.00
0.00      1.00      0.00      0.00
0.00      1.00      0.00      0.00
0.00      1.00      0.00      0.00
0.00      1.00      0.00      0.00
0.00      1.00      0.00      0.00
0.00      0.54      0.44      0.01
0.00      0.96      0.04      0.01
0.00      0.00      1.00      0.00
0.00      0.00      1.00      0.00
0.00      0.00      1.00      0.00
0.00      0.00      0.00      1.00
0.00      0.91      0.00      0.09
0.00      0.01      0.00      0.99
0.00      0.63      0.00      0.37
0.00      0.00      0.00      1.00
0.00      0.00      0.00      1.00
0.00      0.00      0.00      1.00
0.00      0.01      0.99      0.00
0.00      0.07      0.00      0.93
0.00      0.67      0.00      0.33
0.00      0.00      0.00      1.00
0.00      0.68      0.00      0.32
0.00      1.00      0.00      0.00
0.00      1.00      0.00      0.00
0.00      1.00      0.00      0.00
0.00      1.00      0.00      0.00
0.00      1.00      0.00      0.00
0.00      1.00      0.00      0.00
0.00      1.00      0.00      0.00
0.00      1.00      0.00      0.00
0.00      1.00      0.00      0.00
Fichier 2SR06_FFMC1_515 (langue : French)
Moyenne :
0.00      0.63      0.13      0.24-------------------------------------------------------

Fichier 2SR12_FFMB2_525 (langue : French)
Arabe     Anglais   Francais  Allemand  
0.00      1.00      0.00      0.00
0.00      1.00      0.00      0.00
0.00      1.00      0.00      0.00
0.00      1.00      0.00      0.00
0.00      1.00      0.00      0.00
0.00      1.00      0.00      0.00
0.00      1.00      0.00      0.00
0.00      1.00      0.00      0.00
0.00      0.00      0.00      1.00
0.00      1.00      0.00      0.00
0.00      0.99      0.00      0.01
0.00      0.01      0.94      0.05
0.00      0.91      0.03      0.06
0.00      0.00      0.00      1.00
0.00      0.01      0.63      0.36
0.00      0.20      0.48      0.32
0.00      0.15      0.85      0.01
0.00      0.00      0.00      1.00
0.00      0.09      0.09      0.81
0.00      0.00      0.01      0.99
0.00      0.02      0.05      0.94
0.00      0.05      0.88      0.07
0.00      0.84      0.02      0.14
0.00      0.00      0.00      1.00
0.00      0.05      0.01      0.94
Fichier 2SR12_FFMB2_525 (langue : French)
Moyenne :
0.00      0.49      0.16      0.35-------------------------------------------------------

Fichier 2SR15_GGWA1_023 (langue : German)
Arabe     Anglais   Francais  Allemand  
0.00      1.00      0.00      0.00
0.00      1.00      0.00      0.00
0.00      1.00      0.00      0.00
0.00      1.00      0.00      0.00
0.00      1.00      0.00      0.00
0.00      1.00      0.00      0.00
0.00      1.00      0.00      0.00
0.00      1.00      0.00      0.00
0.00      1.00      0.00      0.00
0.00      1.00      0.00      0.00
0.00      1.00      0.00      0.00
0.00      0.97      0.00      0.03
0.00      0.00      0.00      1.00
0.00      0.00      1.00      0.00
0.00      0.00      0.35      0.65
0.00      0.00      1.00      0.00
0.00      0.00      0.71      0.29
0.00      1.00      0.00      0.00
0.00      0.98      0.02      0.01
0.00      0.00      1.00      0.00
0.00      0.00      0.00      1.00
0.00      0.00      0.00      1.00
0.00      0.00      0.00      1.00
0.00      0.00      0.00      1.00
0.00      0.00      0.00      1.00
0.00      0.04      0.62      0.34
0.00      0.00      0.00      1.00
0.00      0.00      0.00      1.00
0.00      0.00      0.00      1.00
0.00      0.00      0.00      1.00
0.00      0.00      0.00      1.00
0.00      0.00      0.00      1.00
0.00      0.00      0.00      1.00
0.13      0.49      0.37      0.01
0.00      0.22      0.17      0.61
0.00      0.00      0.00      1.00
0.00      0.00      0.27      0.73
0.00      0.86      0.07      0.07
0.00      0.99      0.01      0.00
0.00      1.00      0.00      0.00
0.00      1.00      0.00      0.00
0.00      1.00      0.00      0.00
0.00      1.00      0.00      0.00
Fichier 2SR15_GGWA1_023 (langue : German)
Moyenne :
0.00      0.48      0.13      0.39-------------------------------------------------------

Fichier 2SR21_GGMC1_005 (langue : German)
Arabe     Anglais   Francais  Allemand  
0.00      1.00      0.00      0.00
0.00      1.00      0.00      0.00
0.00      1.00      0.00      0.00
0.00      1.00      0.00      0.00
0.00      1.00      0.00      0.00
0.00      1.00      0.00      0.00
0.00      1.00      0.00      0.00
0.00      1.00      0.00      0.00
0.02      0.80      0.18      0.00
0.01      0.49      0.50      0.00
0.02      0.61      0.36      0.02
0.00      0.72      0.21      0.07
0.00      0.98      0.01      0.01
0.00      0.99      0.01      0.00
0.00      0.97      0.01      0.01
0.00      0.98      0.02      0.00
0.00      0.87      0.11      0.02
0.00      0.97      0.02      0.00
0.00      0.99      0.01      0.00
0.00      0.93      0.04      0.03
0.00      0.97      0.03      0.01
0.01      0.92      0.06      0.00
0.00      0.98      0.01      0.01
0.00      0.64      0.32      0.03
0.00      0.40      0.02      0.58
0.00      0.00      0.02      0.98
0.00      0.05      0.00      0.95
0.00      0.41      0.00      0.59
0.00      0.94      0.00      0.06
0.00      0.00      0.00      1.00
0.00      0.99      0.00      0.00
0.00      0.87      0.00      0.13
0.00      0.00      0.00      1.00
0.00      0.15      0.01      0.84
0.00      0.98      0.01      0.02
0.00      0.99      0.00      0.01
0.00      0.99      0.01      0.00
0.00      0.98      0.01      0.01
0.00      0.83      0.14      0.02
0.00      0.16      0.63      0.21
0.00      0.63      0.00      0.37
0.00      0.05      0.00      0.95
0.00      0.00      0.23      0.77
0.00      0.02      0.91      0.07
0.02      0.73      0.24      0.01
0.00      0.87      0.07      0.06
0.00      0.75      0.09      0.16
0.00      0.00      0.00      1.00
0.00      0.79      0.00      0.21
0.00      0.99      0.00      0.01
0.00      0.08      0.00      0.92
0.00      0.00      0.00      1.00
0.00      0.00      0.00      1.00
0.00      0.02      0.07      0.91
0.00      0.96      0.03      0.01
0.00      0.93      0.02      0.05
0.00      0.87      0.00      0.13
0.00      0.04      0.00      0.96
0.00      0.53      0.00      0.47
0.00      0.98      0.02      0.00
0.00      0.58      0.41      0.00
0.00      0.92      0.07      0.01
0.00      1.00      0.00      0.00
0.00      1.00      0.00      0.00
0.00      1.00      0.00      0.00
0.00      1.00      0.00      0.00
0.00      1.00      0.00      0.00
0.00      1.00      0.00      0.00
0.00      1.00      0.00      0.00
0.00      1.00      0.00      0.00
Fichier 2SR21_GGMC1_005 (langue : German)
Moyenne :
0.00      0.70      0.07      0.22-------------------------------------------------------

Fichier 2SR07_GGWA1_023 (langue : German)
Arabe     Anglais   Francais  Allemand  
0.00      1.00      0.00      0.00
0.00      1.00      0.00      0.00
0.00      1.00      0.00      0.00
0.00      1.00      0.00      0.00
0.00      1.00      0.00      0.00
0.00      1.00      0.00      0.00
0.00      1.00      0.00      0.00
0.00      1.00      0.00      0.00
0.00      1.00      0.00      0.00
0.00      1.00      0.00      0.00
0.00      1.00      0.00      0.00
0.00      1.00      0.00      0.00
0.00      0.99      0.00      0.00
0.01      0.61      0.31      0.06
0.00      0.00      0.00      1.00
0.00      0.00      0.00      1.00
0.00      0.77      0.00      0.23
0.00      0.06      0.00      0.94
0.00      0.00      0.00      1.00
0.00      0.00      0.00      1.00
0.00      0.00      0.00      1.00
0.00      0.00      0.00      1.00
0.00      0.00      0.00      1.00
0.00      0.03      0.29      0.67
0.00      0.00      0.00      1.00
0.00      0.00      0.68      0.32
0.00      0.00      0.58      0.42
0.00      0.00      0.13      0.87
0.00      0.00      0.00      1.00
0.00      0.17      0.00      0.83
0.00      1.00      0.00      0.00
0.00      1.00      0.00      0.00
0.00      1.00      0.00      0.00
0.00      1.00      0.00      0.00
0.00      1.00      0.00      0.00
0.00      1.00      0.00      0.00
0.00      1.00      0.00      0.00
0.00      1.00      0.00      0.00
0.00      1.00      0.00      0.00
Fichier 2SR07_GGWA1_023 (langue : German)
Moyenne :
0.00      0.61      0.05      0.34-------------------------------------------------------

Fichier 2SR19_GGBA2_007 (langue : German)
Arabe     Anglais   Francais  Allemand  
0.00      1.00      0.00      0.00
0.00      1.00      0.00      0.00
0.00      1.00      0.00      0.00
0.00      1.00      0.00      0.00
0.00      1.00      0.00      0.00
0.00      1.00      0.00      0.00
0.00      0.95      0.04      0.00
0.00      0.00      0.99      0.00
0.00      0.18      0.58      0.24
0.00      0.00      0.00      1.00
0.00      0.96      0.00      0.03
0.00      0.98      0.00      0.02
0.00      0.32      0.03      0.65
0.00      0.00      0.03      0.97
0.00      0.00      0.00      1.00
0.00      0.12      0.00      0.88
0.00      0.00      0.00      1.00
0.00      0.00      0.00      1.00
0.00      0.07      0.02      0.91
0.00      0.06      0.00      0.94
0.00      0.00      0.01      0.99
0.00      0.00      0.00      1.00
0.00      0.01      0.00      0.99
0.00      0.02      0.92      0.06
0.00      0.00      0.93      0.07
0.00      0.00      0.00      1.00
0.00      0.00      0.82      0.18
0.00      0.05      0.92      0.03
0.00      0.99      0.00      0.01
0.00      0.99      0.01      0.00
Fichier 2SR19_GGBA2_007 (langue : German)
Moyenne :
0.00      0.39      0.18      0.43-------------------------------------------------------

Fichier 2SR10_GGMB2_033 (langue : German)
Arabe     Anglais   Francais  Allemand  
0.00      1.00      0.00      0.00
0.00      1.00      0.00      0.00
0.00      1.00      0.00      0.00
0.00      1.00      0.00      0.00
0.00      1.00      0.00      0.00
0.00      1.00      0.00      0.00
0.00      1.00      0.00      0.00
0.00      1.00      0.00      0.00
0.00      1.00      0.00      0.00
0.00      1.00      0.00      0.00
0.00      1.00      0.00      0.00
0.00      1.00      0.00      0.00
0.00      1.00      0.00      0.00
0.00      1.00      0.00      0.00
0.00      0.00      0.00      1.00
0.00      0.00      0.00      1.00
0.00      0.00      0.00      1.00
0.00      0.83      0.00      0.17
0.00      0.00      0.00      1.00
0.00      0.00      0.00      1.00
0.00      0.00      0.00      1.00
0.00      0.01      0.06      0.93
0.00      0.05      0.00      0.95
0.00      0.00      0.00      1.00
0.00      0.00      0.00      1.00
0.00      0.00      0.00      1.00
0.00      0.01      0.51      0.49
0.00      0.99      0.00      0.01
0.00      0.39      0.52      0.08
0.00      0.00      1.00      0.00
0.00      0.05      0.90      0.05
0.00      0.25      0.65      0.10
0.00      0.77      0.09      0.14
0.00      0.02      0.00      0.98
0.00      0.00      0.00      1.00
0.00      0.36      0.00      0.64
0.00      0.00      0.00      1.00
0.00      0.04      0.04      0.92
0.00      0.00      0.00      1.00
0.00      0.00      0.00      1.00
0.00      0.80      0.04      0.15
0.00      1.00      0.00      0.00
0.00      1.00      0.00      0.00
0.00      1.00      0.00      0.00
Fichier 2SR10_GGMB2_033 (langue : German)
Moyenne :
0.00      0.49      0.09      0.42-------------------------------------------------------

Fichier 2SR25_GGWC1_013 (langue : German)
Arabe     Anglais   Francais  Allemand  
0.00      1.00      0.00      0.00
0.00      1.00      0.00      0.00
0.00      1.00      0.00      0.00
0.00      1.00      0.00      0.00
0.00      1.00      0.00      0.00
0.00      1.00      0.00      0.00
0.00      1.00      0.00      0.00
0.00      1.00      0.00      0.00
0.00      1.00      0.00      0.00
0.00      0.00      0.80      0.20
0.00      0.00      0.72      0.28
0.00      0.00      0.08      0.92
0.00      0.00      0.78      0.22
0.00      0.12      0.86      0.02
0.00      1.00      0.00      0.00
0.00      0.00      1.00      0.00
0.00      0.00      1.00      0.00
0.00      0.90      0.00      0.10
0.01      0.01      0.93      0.06
0.02      0.00      0.97      0.00
0.00      0.88      0.12      0.00
0.00      1.00      0.00      0.00
0.01      0.99      0.00      0.00
Fichier 2SR25_GGWC1_013 (langue : German)
Moyenne :
0.00      0.60      0.32      0.08-------------------------------------------------------

Fichier 2SR06_GGGB1_027 (langue : German)
Arabe     Anglais   Francais  Allemand  
0.00      1.00      0.00      0.00
0.00      1.00      0.00      0.00
0.00      1.00      0.00      0.00
0.00      1.00      0.00      0.00
0.00      1.00      0.00      0.00
0.00      0.00      0.00      1.00
0.00      0.00      0.00      1.00
0.00      0.00      0.00      1.00
0.00      0.01      0.03      0.96
0.00      0.00      0.00      1.00
0.00      0.00      0.00      1.00
0.00      0.00      0.00      1.00
0.00      0.00      0.00      1.00
0.00      0.01      0.00      0.99
0.00      1.00      0.00      0.00
0.00      1.00      0.00      0.00
0.00      0.90      0.00      0.10
0.00      0.30      0.00      0.70
0.00      1.00      0.00      0.00
0.00      1.00      0.00      0.00
Fichier 2SR06_GGGB1_027 (langue : German)
Moyenne :
0.00      0.51      0.00      0.49-------------------------------------------------------

Fichier 2SR11_GGMA2_039 (langue : German)
Arabe     Anglais   Francais  Allemand  
0.00      1.00      0.00      0.00
0.00      1.00      0.00      0.00
0.00      1.00      0.00      0.00
0.00      1.00      0.00      0.00
0.00      0.00      1.00      0.00
0.00      0.97      0.03      0.00
0.00      0.97      0.00      0.03
0.00      0.00      0.00      1.00
0.00      0.22      0.00      0.78
0.00      0.00      0.00      1.00
0.00      0.00      0.00      1.00
0.00      0.97      0.02      0.01
0.00      0.00      0.00      1.00
0.00      0.00      0.00      1.00
0.00      0.00      0.00      1.00
0.00      0.00      0.00      1.00
0.00      0.46      0.01      0.53
0.00      0.00      0.00      1.00
0.00      0.00      0.00      1.00
0.00      0.00      0.00      1.00
0.00      0.00      0.00      1.00
0.00      0.00      0.00      1.00
0.00      0.00      0.00      1.00
0.15      0.77      0.01      0.06
0.00      0.97      0.00      0.03
0.00      0.57      0.00      0.43
0.00      0.00      0.00      1.00
0.00      0.00      0.00      1.00
0.00      0.01      0.97      0.03
0.00      0.00      1.00      0.00
0.00      1.00      0.00      0.00
0.00      1.00      0.00      0.00
0.00      1.00      0.00      0.00
0.00      1.00      0.00      0.00
Fichier 2SR11_GGMA2_039 (langue : German)
Moyenne :
0.00      0.41      0.09      0.50-------------------------------------------------------

Fichier 2SR05_GGMA2_036 (langue : German)
Arabe     Anglais   Francais  Allemand  
0.00      1.00      0.00      0.00
0.00      1.00      0.00      0.00
0.00      1.00      0.00      0.00
0.00      1.00      0.00      0.00
0.00      1.00      0.00      0.00
0.00      1.00      0.00      0.00
0.00      1.00      0.00      0.00
0.00      1.00      0.00      0.00
0.00      1.00      0.00      0.00
0.00      1.00      0.00      0.00
0.00      0.00      1.00      0.00
0.00      0.00      1.00      0.00
0.00      0.33      0.57      0.10
0.00      0.98      0.01      0.01
0.00      0.98      0.01      0.01
0.00      1.00      0.00      0.00
0.00      0.60      0.00      0.40
0.00      0.73      0.02      0.25
0.00      0.04      0.48      0.48
0.00      0.14      0.01      0.85
0.00      0.61      0.36      0.03
0.00      0.00      0.00      1.00
0.00      0.00      0.00      1.00
0.00      0.00      0.00      1.00
0.00      0.84      0.00      0.16
0.00      0.12      0.00      0.88
0.00      0.04      0.89      0.07
0.00      0.00      0.00      0.99
0.00      0.25      0.21      0.54
0.00      0.81      0.00      0.19
0.00      0.40      0.02      0.58
0.00      0.74      0.21      0.04
0.00      1.00      0.00      0.00
0.00      1.00      0.00      0.00
0.00      1.00      0.00      0.00
0.00      1.00      0.00      0.00
Fichier 2SR05_GGMA2_036 (langue : German)
Moyenne :
0.00      0.63      0.13      0.24-------------------------------------------------------

Fichier 2SR20_GGWB1_010 (langue : German)
Arabe     Anglais   Francais  Allemand  
0.00      0.00      1.00      0.00
0.00      1.00      0.00      0.00
0.00      1.00      0.00      0.00
0.00      1.00      0.00      0.00
0.00      1.00      0.00      0.00
0.00      1.00      0.00      0.00
0.00      0.97      0.03      0.00
0.00      0.00      0.01      0.99
0.00      0.00      0.00      1.00
0.00      0.00      0.00      1.00
0.00      0.02      0.00      0.98
0.00      0.04      0.00      0.96
0.00      0.00      0.00      1.00
0.00      0.00      0.01      0.99
0.00      0.00      0.00      1.00
0.00      0.01      0.00      0.99
0.00      0.00      0.00      1.00
0.00      0.00      0.00      1.00
0.00      0.00      0.00      1.00
Fichier 2SR20_GGWB1_010 (langue : German)
Moyenne :
0.00      0.32      0.06      0.63-------------------------------------------------------

